48	1	1	0.093496678	0.8	0.513554019
48	1	1	0.196759647	1	0.402321432
53	0	1	0.062826399	0.2	0.554592316
36	1	1	0.041307404	0.2	0.554592316
41	1	1	0.065087499	1	0.554592316
53	0	1	0.027081194	1	0.513554019
27	1	1	0.26290103	0.8	0.519026695
39	1	1	0.176254144	1	0.472464653
53	0	1	0.018679434	1	0.472464653
53	0	1	0.050198338	0.4	0.574728972
53	0	1	0.044527901	0.8	0.513554019
53	0	1	0.005549716	1	0.513554019
53	0	1	0.040043738	0.8	0.574728972
53	0	1	0.133408115	0.8	0.519026695
37	1	1	0.155965299	0.8	0.574728972
53	0	1	0.025880626	0.8	0.472464653
29	1	1	0.06427515	1	0.402321432
34	1	1	0.047845871	0.4	0.402321432
31	1	1	0.128055471	0.6	0.432496712
53	0	1	0.007234663	1	0.432496712
41	1	1	0.095551073	1	0.432496712
31	1	1	0.109800214	0.4	0.602719767
53	0	1	0.022075608	1	0.575168787
38	1	1	0.082243642	0.6	0.542430698
53	0	1	0.05291763	0.4	0.493412153
53	0	1	0.016783619	1	0.519026695
53	0	1	0.029174488	0.4	0.493412153
31	1	1	0.023980922	0.2	0.493412153
53	0	1	0.040445345	0.2	0.493412153
41	1	1	0.129072266	1	0.493412153
53	0	1	0.01793475	0.2	0.519026695
27	1	1	0.085075106	1	0.443473331
38	1	1	0.057427167	1	0.519026695
53	0	1	0.100796067	0.4	0.402321432
53	0	1	0.060128366	0.6	0.402321432
53	0	1	0.02029857	1	0.402321432
34	1	1	0.07895082	0.4	0.429479496
53	0	1	0.010742332	1	0.52990743
53	0	1	0.057976272	0.4	0.492052061
53	0	1	0.003738261	0.4	0.429479496
53	0	1	0.067279849	1	0.492052061
53	0	1	0.0021232	1	0.52990743
53	0	1	0.012971048	1	0.492052061
53	0	1	0.059977294	1	0.472202015
40	1	1	0.023605006	0.2	0.570151559
53	0	1	0.064483212	0.2	0.544565156
37	1	1	0.01787898	0.2	0.570151559
53	0	1	0.047694799	0.4	0.474759613
38	1	1	0.119345778	0.8	0.402321432
28	1	1	0.042125996	0.8	0.402321432
31	1	1	0.020661188	1	1
53	0	1	0.159241837	1	1
53	0	1	0.030567559	0.4	0.436905285
53	0	1	0.014658076	0.2	0.402321432
53	0	1	0.021391488	0.6	0.419104236
36	1	1	0.215572603	0.4	0.512898465
53	0	1	0.103514001	1	0.544565156
53	0	1	0.25564461	1	0.544565156
53	0	1	0.001778047	0.4	0.610546809
53	0	1	0.017195041	1	0.610546809
53	0	1	0.036705596	1	0.610546809
53	0	1	0.015606571	0.4	0.602218461
53	0	1	0.008623619	0.8	0.602218461
53	0	1	0.030269125	1	0.464145685
53	0	1	0.017664765	1	0.606477998
53	0	1	0.007203318	0.4	0.45826446
53	0	1	0.011743341	1	0.464145685
25	1	1	0.109785288	0.6	0.538639116
53	0	1	0.025526693	0.6	0.538639116
37	1	1	0.204274788	0.6	0.500208443
41	1	1	0.177436937	0.8	0.456637561
53	0	1	0.073823427	1	0.500208443
53	0	1	0.051817158	0.6	0.538639116
53	0	1	0.029926545	0.6	0.538639116
53	0	1	0.000541208	0.6	0.500208443
53	0	1	0.025553063	0.2	0.500208443
36	1	1	0.050935152	0.4	0.462513575
53	0	1	0.018771434	0.2	0.500208443
49	1	1	0.073568776	1	0.60493656
53	0	1	0.017964466	0.6	0.570151559
50	0	1	0.008184742	0.2	0.45826446
40	1	1	0.033097242	0.4	0.510669165
53	0	1	0.050167129	0.2	0.495058854
53	0	1	0.05409228	0.2	0.570151559
53	0	1	0.021055919	0.8	0.502525289
55	1	1	0.033418926	0.8	0.798818961
53	0	1	0.087758665	0.2	0.570663287
53	0	1	0.047096392	1	0.581615935
25	1	1	0.084149226	0.6	0.498009367
53	0	1	0.042035307	1	0.581615935
53	0	1	0.017755861	0.6	0.581615935
53	0	1	0.007112223	0.2	0.464145685
72	0	1	0.081407319	0.4	0.575923351
31	1	1	0.024914807	0.2	0.570663287
53	0	1	0.024348062	1	0.570663287
36	1	1	0.048108663	0.8	0.456637561
39	1	1	0.084044743	0.6	0.456637561
53	0	1	0.039436104	0.6	0.456637561
53	0	1	0.041562145	0.4	0.462513575
37	1	1	0.106448593	0.6	0.462513575
31	1	1	0.164002859	1	0.467146225
53	0	1	0.062299909	0.2	0.535921017
53	0	1	0.026603599	0.8	0.541558363
41	1	1	0.028751849	0.8	0.541558363
53	0	1	0.102513942	0.8	0.541558363
53	0	1	0.053625948	1	0.535921017
53	0	1	0.017775039	0.6	0.541558363
53	0	1	0.013479761	0.8	0.462513575
53	0	1	0.090531782	1	0.469452649
53	0	1	0.009964629	0.4	0.469452649
53	0	1	0.03600474	0.2	0.469452649
53	0	1	0.101933176	1	0.454196691
53	0	1	0.001050989	1	0.517348728
31	1	1	0.267423684	1	0.517348728
53	0	1	0.040254108	0.4	0.467146225
53	0	1	0.001948423	1	0.517348728
53	0	1	0.045412439	0.2	0.467146225
28	1	1	0.073415443	0.4	0.469452649
52	0	1	0.052283038	0.2	0.467146225
53	0	1	0.084137466	0.6	0.60493656
53	0	1	0.073474243	0.6	0.544387979
69	0	1	0.048859951	0.4	0.577599235
53	0	1	0.051229606	0.2	0.469452649
53	0	1	0.04073704	0.6	0.402321432
53	0	1	0.000980225	0.6	0.402321432
53	0	1	0.03834011	0.6	0.454196691
53	0	1	0.007573218	0.6	0.454196691
53	0	1	0.038082293	0.4	0.454196691
32	1	1	0.06057163	0.4	0.454196691
32	1	1	0.016508795	0.6	0.594895851
53	0	1	0.314004442	1	0.594895851
39	1	1	0.313992682	1	0.594895851
53	0	1	0.023772361	0.2	0.4638893
53	0	1	0.044576886	0.4	0.476300008
53	0	1	0.078618824	0.4	0.402321432
53	0	1	0.093239765	0.4	0.460514605
53	0	1	0.062134363	0.2	0.589714996
53	0	1	0.040350088	0.2	0.490047879
53	0	1	0.000564479	1	0.46786327
53	0	1	0.00925622	0.2	0.46786327
53	0	1	0.086849068	0.6	0.52565102
53	0	1	0.033282509	0.6	0.502525289
53	0	1	0.13107962	1	0.52565102
39	1	1	0.198179902	1	0.55248704
53	0	1	0.026874036	0.2	0.502525289
53	0	1	0.045471692	0.6	0.490047879
30	1	1	0.058242683	0.2	0.589714996
53	0	1	0.044379272	0.2	0.55248704
53	0	1	0.010241941	0.2	0.502525289
35	1	1	0.06302632	1	0.585035446
53	0	1	0.078692551	1	0.585035446
53	0	1	0.035756648	1	0.585035446
53	0	1	0.171814715	1	0.585035446
74	0	1	0.02955565	0.6	0.657023389
46	1	1	0.013920629	1	0.684898499
53	0	1	0.090434987	1	0.402321432
53	0	1	0.116767607	0.4	0.486436601
52	0	1	0.05463641	0.2	0.486436601
53	0	1	0.057533007	0.2	0.402321432
53	0	1	0.009110215	0.8	0.492942113
28	1	1	0.095312253	0.4	0.402321432
53	0	1	0.028542203	0.4	0.486436601
53	0	1	0.023695468	0.2	0.486436601
53	0	1	0.065470154	0.4	0.402321432
53	0	1	0.030026686	0.2	0.402321432
38	1	1	0.039805235	0.2	0.486436601
53	0	1	0.00756485	0.2	0.486436601
53	0	1	0.030636672	0.4	0.486436601
53	0	1	0.031865193	0.4	0.486436601
53	0	1	0.032429315	0.2	0.486436601
53	0	1	0.032266212	0.4	0.486436601
40	1	1	0.200378132	1	0.441089783
53	0	1	0.046896018	1	0.441089783
53	0	1	0.018778038	1	0.441089783
31	1	1	0.112607706	0.6	0.541896041
36	1	1	0.116199957	1	0.479884189
39	1	1	0.043759063	0.4	0.541896041
53	0	1	0.110788061	0.4	0.541896041
48	1	1	0.113923026	1	0.541896041
53	0	1	0.010863778	0.4	0.594895851
53	0	1	0.028826932	0.4	0.594895851
33	1	1	0.21461687	0.4	0.505890605
30	1	1	0.040244564	0.6	0.452324871
53	0	1	0.136141881	0.4	0.402321432
30	1	1	0.182013868	0.6	0.636131127
29	1	1	0.024521161	0.2	0.518810957
53	0	1	0.014724927	0.6	0.445123159
53	0	1	0.007128913	0.2	0.497092217
53	0	1	0.018100838	0.6	0.53567818
53	0	1	0.031060804	0.6	0.53567818
53	0	1	0.01239408	0.4	0.517984479
29	1	1	0.324784813	0.8	0.50968844
53	0	1	0.143841565	0.8	0.50968844
40	1	1	0.102514847	0.4	0.50968844
38	1	1	0.039816724	0.4	0.50968844
53	0	1	0.106782398	1	0.515233029
53	0	1	0.070066083	1	0.515233029
53	0	1	0.006923881	0.4	0.50968844
39	1	1	0.029103339	0.4	0.515233029
53	0	1	0.029080136	0.4	0.515233029
53	0	1	0.071184194	0.4	0.515233029
53	0	1	0.036937179	0.6	0.507271541
53	0	1	0.030468051	0.8	0.461634987
53	0	1	0.151350373	0.8	0.461634987
53	0	1	0.010002035	0.2	0.461634987
53	0	1	0.091329205	0.6	0.485085889
53	0	1	0.009786148	0.6	0.45826446
53	0	1	0.042090037	0.2	0.475644454
53	0	1	0.096293314	0.4	0.485085889
56	1	1	0.153208918	0.8	0.745549217
76	0	1	0.068974657	0.2	0.656613799
76	0	1	0.017130948	0.8	0.745549217
76	0	1	0.025562968	0.8	0.631631881
53	0	1	0.015439669	0.4	0.516118913
53	0	1	0.008745471	0.8	0.516118913
53	0	1	0.096834278	0.4	0.524792234
49	1	1	0.103782674	0.8	0.591394006
53	0	1	0.020996305	0.8	0.591394006
53	0	1	0.027334895	0.8	0.585603453
77	0	1	0.047887936	0.4	0.718696521
53	0	1	0.037937056	0.2	0.493564316
53	0	1	0.005672654	0.2	0.627100326
74	0	1	0.023681628	0.2	0.7591616
77	0	1	0.042711557	0.2	0.658195882
77	0	1	0.062894698	0.4	0.765245015
52	0	1	0.112788178	0.4	0.591394006
77	0	1	0.131948057	0.4	0.725191611
76	0	1	0.027206891	0.4	0.692077282
53	0	1	0.007694889	0.2	0.591394006
53	0	1	0.013654398	0.2	0.585603453
36	1	1	0.454305319	0.4	0.55818275
53	0	1	0.028014492	0.4	0.55818275
53	0	1	0.015304428	0.4	0.55818275
53	0	1	0.024785808	0.4	0.535989803
53	0	1	0.037254927	0.4	0.55818275
29	1	1	0.030525811	0.4	0.545158177
53	0	1	0.063037175	0.2	0.545158177
53	0	1	0.069495719	0.2	0.545158177
53	0	1	0.105589655	0.4	0.602329978
53	0	1	0.039292948	0.4	0.602329978
53	0	1	0.114091285	1	0.57505727
53	0	1	0.055136213	0.2	0.57505727
53	0	1	0.083367634	0.2	0.506041726
53	0	1	0.071100969	0.2	0.506041726
53	0	1	0.033678326	0.2	0.506041726
33	1	1	0.131290397	0.4	0.48747569
53	0	1	0.077875678	0.4	0.442753159
53	0	1	0.030165636	0.4	0.442753159
53	0	1	0.083350898	0.6	0.460253008
53	0	1	0.077312099	0.2	0.463233746
53	0	1	0.101202242	1	0.46698885
53	0	1	0.023803932	0.2	0.536206584
53	0	1	0.053302094	0.4	0.474038399
53	0	1	0.050714425	0.2	0.463230619
49	1	1	0.178105904	0.4	0.426928152
53	0	1	0.014978357	0.4	0.522739069
53	0	1	0.032781529	0.4	0.522739069
30	1	1	0.025666728	0.4	0.511839574
53	0	1	0.116977027	0.4	0.540114894
53	0	1	0.009806456	1	0.540114894
53	0	1	0.003599574	0.4	0.511839574
41	1	1	0.217546939	0.4	0.516505575
50	0	1	0.02102869	0.4	0.516505575
77	0	1	0.163137136	0.6	0.658144814
53	0	1	0.200810541	0.6	0.652916016
31	1	1	0.213744363	0.8	0.548890353
76	0	1	0.031690692	0.6	0.65656273
76	0	1	0.049465143	0.6	0.792079992
53	0	1	0.011111056	0.6	0.543948164
53	0	1	0.129651223	1	0.543948164
53	0	1	0.030715194	0.6	0.545306172
53	0	1	0.038234496	0.6	0.544142017
53	0	1	0.047880246	0.6	0.545306172
53	0	1	0.047957139	0.2	0.544142017
53	0	1	0.101038505	0.4	0.719210334
51	0	1	0.04238422	0.4	0.544142017
53	0	1	0.022891396	0.2	0.571640886
53	0	1	0.01029459	0.2	0.524998593
53	0	1	0.065911609	0.2	0.548890353
51	0	1	0.007094945	1	0.402321432
27	1	1	0.109258799	0.4	0.471963347
53	0	1	0.035550394	1	0.402321432
53	0	1	0.019720472	1	0.402321432
33	1	1	0.058190667	0.4	0.543948164
53	0	1	0.05207588	0.2	0.65193946
40	1	1	0.078825983	0.4	0.65193946
53	0	1	0.017082416	0.6	0.594286155
53	0	1	0.020254832	0.6	0.594286155
53	0	1	0.031169087	0.6	0.594286155
49	1	1	0.123007232	0.4	0.510035498
53	0	1	0.144602803	0.8	0.615580712
53	0	1	0.038499414	0.4	0.510035498
53	0	1	0.09509062	0.4	0.583727465
53	0	1	0.029048655	0.4	0.510035498
53	0	1	0.014131948	0.8	0.60175259
53	0	1	0.086315794	0.2	0.477654889
53	0	1	0.057902545	0.4	0.477654889
53	0	1	0.115092249	1	0.441177329
53	0	1	0.083383012	1	0.441177329
53	0	1	0.022275937	1	0.52841185
53	0	1	0.051904906	1	0.471963347
53	0	1	0.046923609	0.4	0.471963347
28	1	1	0.083927594	0.4	0.471963347
53	0	1	0.031765187	0.8	0.52841185
27	1	1	0.018838602	0.6	0.471963347
53	0	1	0.122279917	1	0.663504931
29	1	1	0.224717871	1	0.663504931
41	1	1	0.160955642	1	0.663504931
53	0	1	0.015100028	0.6	0.594286155
53	0	1	0.083373514	1	0.594286155
53	0	1	0.013446743	1	0.594286155
36	1	1	0.098318761	1	0.594286155
53	0	1	0.068151904	0.2	0.594286155
53	0	1	0.059464374	0.4	0.594286155
53	0	1	0.009896692	1	0.594286155
53	0	1	0.017485108	1	0.594286155
53	0	1	0.158749723	1	0.635533938
53	0	1	0.062890627	0.6	0.635533938
53	0	1	0.228538991	0.8	0.545804351
40	1	1	0.234694034	0.8	0.506101132
53	0	1	0.069723231	0.2	0.505369497
53	0	1	0.078907398	0.2	0.685172601
48	1	1	0.096498663	0.6	0.58410162
53	0	1	0.03886461	0.6	0.58410162
53	0	1	0.007496687	0.6	0.603463909
53	0	1	0.105567492	0.6	0.603463909
48	1	1	0.215175926	0.8	0.603463909
53	0	1	0.035059818	1	0.685172601
53	0	1	0.039500378	0.6	0.58410162
38	1	1	0.063099594	0.4	0.58410162
53	0	1	0.346323845	0.8	0.502012519
53	0	1	0.020984409	0.6	0.603463909
53	0	1	0.112021964	0.6	0.603463909
35	1	1	0.238487564	1	0.628854375
53	0	1	0.064641069	0.4	0.531002799
50	1	1	0.044894906	1	0.625070089
53	0	1	0.022529276	0.8	0.506101132
31	1	1	0.032894969	0.8	0.505369497
53	0	1	0.045873796	0.6	0.634933621
25	1	1	0.063048483	0.6	0.515138187
53	0	1	0.189387436	0.8	0.545804351
53	0	1	0.01482041	0.6	0.522172103
53	0	1	0.104986272	0.2	0.505369497
53	0	1	0.115396654	0.6	0.522172103
53	0	1	0.104677344	0.2	0.522172103
76	0	1	0.107114394	0.2	0.71280279
30	1	1	0.173069877	1	0.497127653
53	0	1	0.010597774	0.4	0.531002799
76	0	1	0.000588737	1	0.619203455
53	0	1	0.002884113	1	0.571344896
53	0	1	0.132360564	0.6	0.634933621
53	0	1	0.192627789	0.8	0.492498129
53	0	1	0.009669451	0.2	0.513754125
53	0	1	0.037246242	0.2	0.574890515
53	0	1	0.013195213	0.6	0.574890515
53	0	1	0.031788708	0.8	0.571344896
76	0	1	0.064943665	1	0.701962701
53	0	1	0.038753658	0.8	0.571344896
53	0	1	0.063720164	1	0.572256835
53	0	1	0.109012289	0.6	0.513803109
76	0	1	0.010452265	0.4	0.63665432
53	0	1	0.040069158	0.6	0.503245461
53	0	1	0.469783388	1	0.672716036
52	0	1	0.224057045	1	0.672716036
28	1	1	0.01673875	1	0.479859176
33	1	1	0.101783008	1	0.479859176
49	1	1	0.114384383	1	0.479859176
53	0	1	0.00630521	0.2	0.614268562
53	0	1	0.00322554	0.2	0.614268562
53	0	1	0.059082624	0.4	0.614268562
53	0	1	0.270739121	1	0.614268562
53	0	1	0.055036705	1	0.479859176
53	0	1	0.056039025	1	0.479859176
53	0	1	0.018448122	1	0.635439096
53	0	1	0.125851814	0.6	0.614268562
53	0	1	0.004121084	0.4	0.614268562
53	0	1	0.00082857	0.6	0.635439096
53	0	1	0.108682103	1	0.635439096
53	0	1	0.006753043	1	0.564104622
53	0	1	0.080714379	0.2	0.635439096
53	0	1	0.000546663	0.2	0.520282566
53	0	1	0.170177351	0.6	0.586796791
53	0	1	0.034958048	0.4	0.586796791
53	0	1	0.070580812	0.4	0.559721061
53	0	1	0.052986381	0.4	0.559721061
53	0	1	0.021346393	0.2	0.59137733
53	0	1	0.034347067	0.2	0.559721061
53	0	1	0.026508659	0.2	0.559721061
71	1	1	0.005993749	1	0.592033926
53	0	1	0.014995228	0.8	0.479859176
53	0	1	0.117171521	0.8	0.614268562
53	0	1	0.038874968	0.8	0.570151559
38	1	1	0.206190323	1	0.520545204
53	0	1	0.101079213	0.8	0.520545204
53	0	1	0.031721404	0.2	0.520282566
26	1	1	0.096104249	0.8	0.539282163
53	0	1	0.207896891	1	0.539282163
53	0	1	0.115938522	0.6	0.520545204
53	0	1	0.024769209	1	0.5208537
53	0	1	0.179051686	1	0.5208537
53	0	1	0.008970993	1	0.5208537
53	0	1	0.077810997	0.6	0.5208537
53	0	1	0.05953403	0.2	0.5208537
33	1	1	0.168168187	1	0.520282566
25	1	1	0.044194276	0.6	0.520282566
53	0	1	0.060173597	1	0.586796791
46	1	1	0.07096799	1	0.493788393
53	0	1	0.026152284	1	0.493788393
53	0	1	0.032568898	0.4	0.627028413
53	0	1	0.037472986	0.8	0.5208537
32	1	1	0.127950988	0.8	0.5208537
53	0	1	0.016209592	1	0.586796791
53	0	1	0.09023009	0.6	0.451144041
53	0	1	0.20882051	1	0.523356061
53	0	1	0.038224093	1	0.453188868
53	0	1	0.015373993	0.2	0.59137733
53	0	1	0.060985494	0.8	0.59137733
47	1	1	0.053076843	0.8	0.523356061
53	0	1	0.076106691	1	0.512970378
32	1	1	0.056485004	0.8	0.565518909
53	0	1	0.01368511	1	0.565518909
31	1	1	0.531252403	1	0.494795173
53	0	1	0.031433689	0.8	0.520545204
34	1	1	0.03022308	0.2	0.627028413
53	0	1	0.208071483	1	0.565518909
53	0	1	0.009241792	1	0.488230255
26	1	1	0.176742187	0.8	0.504572202
51	0	1	0.010911677	0.2	0.488230255
53	0	1	0.115421531	1	0.488230255
53	0	1	0.013655755	1	0.488230255
53	0	1	0.031727646	0.2	0.530766216
29	1	1	0.327560644	0.8	0.494795173
53	0	1	0.140677199	1	0.494795173
29	1	1	0.079155265	0.6	0.494795173
51	0	1	0.064653734	0.8	0.494795173
53	0	1	0.070392199	0.8	0.469997728
53	0	1	0.071701186	1	0.49456797
53	0	1	0.062851276	0.8	0.49456797
42	1	1	0.043389932	0.2	0.484097868
29	1	1	0.010982464	1	0.484097868
31	1	1	0.035067914	0.6	0.49456797
33	1	1	0.187015971	1	0.463151411
53	0	1	0.009111888	1	0.484772182
53	0	1	0.024348786	0.2	0.484772182
53	0	1	0.013205299	0.2	0.484772182
53	0	1	0.0279172	0.2	0.484772182
31	1	1	0.06855446	0.2	0.484772182
48	1	1	0.031382442	1	0.484772182
39	1	1	0.100143382	0.6	0.484772182
53	0	1	0.009618069	1	0.49456797
53	0	1	0.01483208	0.4	0.49456797
25	1	1	0.027643462	1	0.49456797
53	0	1	0.004627047	1	0.484772182
53	0	1	0.0057552	0.6	0.484772182
47	1	1	0.023609032	0.4	0.592000575
53	0	1	0.002074297	0.4	0.592000575
53	0	1	0.023341535	0.2	0.592000575
52	0	1	0.045877415	0.2	0.516685878
53	0	1	0.009791892	0.2	0.660694074
53	0	1	0.159065888	1	0.52752284
41	1	1	0.0311149	0.2	0.498028127
53	0	1	0.016459584	0.6	0.498028127
53	0	1	0.010966588	0.2	0.541269669
50	0	1	0.017441595	0.2	0.541269669
53	0	1	0.058079399	0.2	0.501025541
65	1	1	0.105279822	0.6	0.668966143
27	1	1	0.02269559	0.6	0.501025541
53	0	1	0.06881861	0.6	0.541269669
53	0	1	0.010781683	0.6	0.541269669
48	1	1	0.07791729	0.6	0.541269669
53	0	1	0.067449466	0.6	0.591322093
53	0	1	0.015849733	0.6	0.591322093
53	0	1	0.004557844	0.4	0.402321432
53	0	1	0.007224622	0.2	0.568732061
37	1	1	0.109840922	0.6	0.67258159
53	0	1	0.006156355	0.6	0.541269669
41	1	1	0.005116131	1	0.541269669
53	0	1	0.044896805	0.8	0.620298824
53	0	1	0.0841931	0.2	0.620298824
53	0	1	0.024477694	1	0.561898251
53	0	1	0.122431441	1	0.561898251
53	0	1	0.020946053	0.2	0.652477243
53	0	1	0.034429388	1	0.576782137
77	0	1	0.011502124	1	0.677535243
77	0	1	0.015479155	1	0.708801723
77	0	1	0.002833871	1	0.81626253
72	0	1	0.04287665	0.2	0.530895451
72	0	1	0.162236133	0.8	0.575295937
77	0	1	0.007311556	1	0.81626253
77	0	1	0.005042766	1	0.536494236
53	0	1	0.037239005	1	0.720114977
53	0	1	0.087121359	0.4	0.482480349
53	0	1	0.027777074	0.2	0.620298824
53	0	1	0.005191531	0.4	0.620298824
53	0	1	0.102809754	0.2	0.532593221
73	0	1	0.048316726	0.4	0.675072486
73	0	1	0.000419153	0.4	0.643806006
53	0	1	0.029823463	0.2	0.549637621
53	0	1	0.00712828	1	0.556657988
77	0	1	0.035320485	0.6	0.715002908
76	0	1	0.105809478	0.6	0.715979464
76	0	1	0.087733336	0.4	0.867159148
53	0	1	0.133446562	1	0.532593221
33	1	1	0.204271169	1	0.577894182
30	1	1	0.036846943	0.2	0.532593221
53	0	1	0.034326487	0.2	0.565577273
76	0	1	0.026202309	0.2	0.65923393
53	0	1	0.040977624	0.6	0.567846177
76	0	1	0.202965348	0.8	0.713195705
69	0	1	0.032099762	0.4	0.700022095
53	0	1	0.128994468	0.8	0.556657988
48	1	1	0.030150665	0.4	0.700022095
77	0	1	0.009874031	1	0.654961886
72	0	1	0.074897212	1	0.629685021
44	1	1	0.036972459	0.4	0.698059602
53	0	1	0.005606209	0.2	0.513066262
53	0	1	0.027471177	0.4	0.490722193
35	1	1	0.04053246	1	0.490722193
76	0	1	0.004992559	1	0.617860039
53	0	1	0.053030255	1	0.490722193
76	0	1	0.011203825	1	0.586593559
53	0	1	0.032287787	1	0.490722193
53	0	1	0.013185217	1	0.490722193
76	0	1	0.014113946	1	0.617860039
53	0	1	0.097771013	0.6	0.558934188
53	0	1	0.097265782	0.8	0.558934188
29	1	1	0.100167807	0.8	0.558934188
53	0	1	0.042775876	0.2	0.493878023
53	0	1	0.029842279	0.2	0.459499486
36	1	1	0.251070393	1	0.459499486
53	0	1	0.006915422	0.6	0.466246793
53	0	1	0.005463596	1	0.459499486
53	0	1	0.102669537	0.8	0.558934188
53	0	1	0.050665123	0.8	0.493878023
31	1	1	0.058776862	1	0.449398329
53	0	1	0.0107488	0.2	0.459499486
53	0	1	0.014096442	0.4	0.459499486
53	0	1	0.011647451	1	0.508124074
69	0	1	0.04493109	1	0.619548429
53	0	1	0.005524341	1	0.508124074
53	0	1	0.026143147	0.4	0.568380834
53	0	1	0.2556817	1	0.466246793
53	0	1	0.031309575	1	0.435124138
53	0	1	0.04739944	0.2	0.435124138
53	0	1	0.025206909	1	0.488400136
53	0	1	0.013069063	0.2	0.459499486
53	0	1	0.025174298	1	0.466246793
53	0	1	0.083509659	0.4	0.459499486
53	0	1	0.022559083	0.2	0.459499486
53	0	1	0.000702271	0.2	0.488400136
53	0	1	0.049688584	1	0.402321432
53	0	1	0.110899782	1	0.488400136
53	0	1	0.022072533	0.2	0.488400136
53	0	1	0.010390932	1	0.402321432
53	0	1	0.015330662	0.2	0.435124138
53	0	1	0.034885995	1	0.598437301
53	0	1	0.13702072	0.8	0.598437301
40	1	1	0.078872118	0.4	0.509957332
53	0	1	0.08916128	0.8	0.466914853
53	0	1	0.012208316	0.2	0.524899582
53	0	1	0.051327306	0.6	0.435124138
51	0	1	0.023010444	0.4	0.524450387
53	0	1	0.011311384	0.4	0.524450387
53	0	1	0.050998476	0.4	0.524450387
39	1	1	0.04847413	0.4	0.524450387
53	0	1	0.044826381	0.4	0.524450387
53	0	1	0.051963254	0.4	0.435124138
53	0	1	0.06010575	0.4	0.435124138
53	0	1	0.017381257	1	0.402321432
53	0	1	0.019369705	0.2	0.598437301
53	0	1	0.011169133	0.2	0.55927812
53	0	1	0.049604002	0.4	0.63087419
53	0	1	0.038494258	0.2	0.516416986
53	0	1	0.029143459	0.2	0.55927812
25	1	1	0.035045661	0.2	0.55927812
53	0	1	0.115982848	1	0.497091175
53	0	1	0.025248658	1	0.497091175
47	1	1	0.083630878	0.4	0.63087419
53	0	1	0.012824137	1	0.56923024
53	0	1	0.084285372	1	0.559849254
53	0	1	0.024274607	0.6	0.671558134
53	0	1	0.10046588	0.2	0.681487326
53	0	1	0.036648107	0.8	0.671558134
53	0	1	0.101304012	0.8	0.671558134
53	0	1	0.03621995	0.6	0.671558134
53	0	1	0.044437981	0.2	0.681487326
53	0	1	0.067043291	0.4	0.569416797
53	0	1	0.057593617	0.2	0.569416797
53	0	1	0.059858336	0.2	0.569416797
53	0	1	0.043346465	0.2	0.569416797
53	0	1	0.03848788	0.4	0.570591374
53	0	1	0.081786356	0.4	0.618816793
30	1	1	0.052529095	0.8	0.584402821
53	1	1	0.045086052	0.8	0.626823096
53	0	1	0.03953213	0.8	0.61959116
53	0	1	0.03707355	0.8	0.61959116
53	0	1	0.046823649	0.8	0.558619439
76	0	1	0.1207986	1	0.66435121
53	0	1	0.002176057	1	0.538593259
51	0	1	0.107783814	0.4	0.538593259
46	1	1	0.127222768	0.2	0.538593259
71	1	1	0.047055684	1	0.712286893
53	0	1	0.055920972	1	0.538593259
53	0	1	0.075857016	0.2	0.593004229
76	0	1	0.049055349	1	0.712286893
53	0	1	0.099100354	0.2	0.515058979
47	1	1	0.15915047	1	0.581497122
53	0	1	0.004538801	1	0.515058979
53	0	1	0.020147001	0.2	0.593004229
53	0	1	0.202379606	1	0.61959116
53	0	1	0.008333371	0.8	0.593004229
53	0	1	0.001078566	0.4	0.593004229
37	1	1	0.119210085	0.4	0.536081518
40	1	1	0.061327441	0.4	0.536081518
53	0	1	0.068235129	0.2	0.536081518
51	0	1	0.108542339	0.4	0.554552712
53	0	1	0.07566795	0.4	0.618046595
28	1	1	0.05706758	0.4	0.618046595
51	0	1	0.000449394	0.4	0.515058979
53	0	1	0.045836255	0.2	0.554552712
77	0	1	0.125374174	1	0.611409764
53	0	1	0.176846219	1	0.547283256
53	0	1	0.151204277	0.4	0.547283256
29	1	1	0.184985096	0.6	0.545660525
53	0	1	0.004866365	0.4	0.545660525
53	0	1	0.005522758	1	0.442750033
53	0	1	0.044597059	1	0.547283256
53	0	1	0.037772687	1	0.442750033
77	0	1	0.122562159	1	0.558454769
77	0	1	0.053559458	1	0.653748747
77	0	1	0.029748787	1	0.653748747
77	0	1	0.129396572	1	0.653748747
71	0	1	0.120095257	0.2	0.551164468
53	0	1	0.038451107	0.4	0.536081518
77	0	1	0.004991881	1	0.594849994
77	0	1	0.035297372	1	0.734063996
47	1	1	0.032882214	0.8	0.618046595
53	0	1	0.039441713	0.4	0.618046595
53	0	1	0.070035778	0.6	0.529956415
53	0	1	0.001820139	0.2	0.554552712
53	0	1	0.026859291	0.8	0.550037832
53	0	1	0.123016731	0.6	0.643993605
53	0	1	0.031000963	0.6	0.643993605
49	0	1	0.051876863	0.2	0.63272725
53	0	1	0.002080308	0.8	0.554552712
77	0	1	0.1716356	1	0.626116474
53	0	1	0.086411684	0.4	0.482480349
53	0	1	0.150758751	0.6	0.564744542
53	0	1	0.105307865	0.4	0.575834763
53	0	1	0.048717021	0.8	0.575834763
53	1	1	0.024047456	0.2	0.593745245
53	0	1	0.023947315	0.2	0.522155428
36	1	1	0.114615513	0.4	0.482480349
53	0	1	0.067324628	0.4	0.482480349
48	1	1	0.001256261	0.8	0.482480349
53	0	1	0.031628092	1	0.601378435
53	0	1	0.040376503	0.4	0.482480349
53	0	1	0.063299516	1	0.482480349
53	0	1	0.025268786	1	0.556179611
53	0	1	0.045196642	0.6	0.584946857
28	1	1	0.338049727	1	0.596325772
28	1	1	0.224770339	1	0.596325772
53	0	1	0.035091887	0.2	0.596325772
53	0	1	0.003341761	1	0.511199653
53	0	1	0.040220094	0.6	0.511199653
53	0	1	0.114819958	0.8	0.668964058
53	0	1	0.015943633	0.2	0.564744542
53	0	1	0.019328681	0.2	0.596325772
29	1	1	0.128737556	1	0.648364659
53	0	1	0.02627676	0.2	0.644173908
53	1	1	0.067878708	0.2	0.644173908
53	0	1	0.03452098	0.2	0.625316052
32	1	1	0.047054327	0.4	0.610009026
53	1	1	0.052222428	0.6	0.648364659
53	0	1	0.022557862	0.2	0.625316052
53	0	1	0.00744734	0.6	0.522565019
53	0	1	0.013886796	0.4	0.625316052
28	1	1	0.068898669	0.4	0.522565019
53	0	1	0.018337985	0.8	0.597436774
53	0	1	0.057116429	0.8	0.597436774
31	1	1	0.04879708	0.2	0.594338266
29	1	1	0.015135806	1	0.596325772
53	0	1	0.054567659	0.8	0.594338266
53	0	1	0.134277004	0.8	0.569000953
32	1	1	0.142385577	0.6	0.569000953
53	0	1	0.067537214	0.4	0.569000953
34	1	1	0.234924261	0.8	0.668964058
53	0	1	0.031630806	0.8	0.619302466
32	1	1	0.055041228	0.8	0.610009026
50	0	1	0.001693324	0.6	0.610009026
52	0	1	0.013054499	0.8	0.610009026
53	0	1	0.042834947	0.4	0.640980559
53	0	1	0.009950698	0.8	0.610009026
28	1	1	0.152343648	1	0.640980559
76	0	1	0.085071488	1	0.768604077
53	0	1	0.060710037	0.4	0.661822794
53	0	1	0.022149968	1	0.661822794
53	0	1	0.011316314	1	0.661822794
38	1	1	0.051734385	0.4	0.540321253
42	1	1	0.079360614	0.2	0.662058335
53	0	1	0.00179988	0.6	0.452669845
53	0	1	0.033362613	0.2	0.594338266
53	0	1	0.059475229	0.6	0.699594786
53	0	1	0.045947071	0.4	0.699594786
53	0	1	0.02947541	0.2	0.57115834
53	0	1	0.003188329	0.2	0.699594786
53	0	1	0.004980845	0.2	0.699594786
53	0	1	0.010085396	0.2	0.699594786
53	0	1	0.021889256	0.6	0.57115834
53	0	1	0.001362676	0.8	0.699594786
53	0	1	0.018523477	0.2	0.562622591
53	0	1	0.03680239	0.2	0.664013532
53	0	1	0.048733756	0.8	0.464378099
53	0	1	0.010992053	0.8	0.464378099
37	1	1	0.086652313	0.6	0.704887159
53	0	1	0.013549824	0.6	0.464378099
31	1	1	0.203836046	0.6	0.704887159
53	0	1	0.055494443	0.6	0.704887159
53	0	1	0.013708766	0.6	0.704887159
53	0	1	0.05426642	0.6	0.674103225
38	1	1	0.096998014	0.6	0.622083098
53	0	1	0.0673486	1	0.622083098
53	0	1	0.165142229	0.4	0.575720119
53	0	1	0.041911827	0.2	0.575720119
53	0	1	0.077783859	0.8	0.568417312
53	0	1	0.03672613	0.6	0.64965388
53	0	1	0.059310136	0.4	0.71243593
53	0	1	0.132799758	0.6	0.619473389
37	1	1	0.053575742	0.2	0.56526565
53	0	1	0.047618811	0.4	0.56526565
53	0	1	0.054831808	0.4	0.587403361
53	0	1	0.085866197	0.4	0.587403361
53	0	1	0.121871933	0.6	0.614360277
53	0	1	0.118495886	0.2	0.614360277
41	1	1	0.303441632	0.6	0.674103225
53	0	1	0.039953548	0.6	0.649620529
29	1	1	0.028387558	0.2	0.566692444
51	0	1	0.123848078	0.4	0.649620529
53	0	1	0.029545699	0.4	0.695535355
47	1	1	0.167507361	0.4	0.550070141
53	0	1	0.059151375	0.8	0.544705855
53	0	1	0.059069507	0.6	0.559271866
53	0	1	0.026808451	0.2	0.559271866
36	1	1	0.063602111	0.6	0.577848324
51	0	1	0.073410467	0.8	0.560281774
53	0	1	0.014559517	1	0.584671712
53	0	1	0.047652734	0.2	0.560281774
77	0	1	0.275954715	1	0.644441758
77	0	1	0.002359352	0.2	0.644441758
53	0	1	0.020087748	0.4	0.437212739
53	0	1	0.196494593	0.2	0.580189141
53	0	1	0.081675992	0.2	0.580189141
53	0	1	0.030744775	0.2	0.548713176
53	0	1	0.048737827	0.2	0.548713176
53	0	1	0.044085812	0.4	0.564927972
42	1	1	0.066045041	0.2	0.544705855
43	1	1	0.035421802	0.2	0.544705855
51	0	1	0.058137294	0.2	0.564927972
47	1	1	0.021496108	0.2	0.589102173
53	0	1	0.035285385	0.4	0.564927972
53	0	1	0.054597511	0.2	0.548713176
53	0	1	0.003831994	0.4	0.599300256
53	0	1	0.027968492	0.4	0.518627527
53	0	1	0.065627558	0.2	0.537757401
36	1	1	0.060360853	1	0.587823374
53	0	1	0.315372229	0.8	0.621354589
53	0	1	0.023031431	0.6	0.628814771
53	0	1	0.01349808	0.6	0.628814771
53	0	1	0.071757724	0.2	0.621354589
53	0	1	0.135040504	0.8	0.657106767
32	1	1	0.127107881	0.8	0.657106767
53	0	1	0.108085505	0.4	0.598457103
53	0	1	0.040874316	0.4	0.529061151
53	0	1	0.023509388	0.2	0.530297219
53	0	1	0.035115362	0.4	0.529061151
53	0	1	0.069685237	0.2	0.560436021
33	1	1	0.044514829	1	0.549431263
53	0	1	0.095333511	1	0.549431263
53	0	1	0.060160932	1	0.549431263
53	0	1	0.061742662	0.2	0.549431263
53	0	1	0.028970993	0.6	0.613449381
53	0	1	0.129144635	1	0.555221815
53	0	1	0.1921307	1	0.506842148
53	0	1	0.153349586	1	0.646764857
31	1	1	0.190526806	1	0.646764857
39	1	1	0.055305378	1	0.506842148
38	1	1	0.018365937	0.4	0.646764857
53	0	1	0.063424806	0.4	0.646764857
53	0	1	0.020630204	1	0.646764857
53	0	1	0.025472552	1	0.646764857
53	0	1	0.05360288	0.6	0.613449381
53	0	1	0.034221234	0.6	0.613449381
31	1	1	0.083073179	0.4	0.568383961
41	1	1	0.021901559	1	0.555221815
53	0	1	0.137729039	0.8	0.636704346
53	0	1	0.029457227	0.4	0.636704346
53	0	1	0.048304061	1	0.636704346
53	0	1	0.019556374	0.4	0.636704346
53	0	1	0.432178735	0.4	0.594758279
47	1	1	0.005537006	1	0.636704346
53	0	1	0.028193607	0.4	0.636704346
53	0	1	0.033656796	0.8	0.530054383
53	0	1	0.064353399	0.8	0.649339131
53	0	1	0.093042106	0.8	0.530054383
29	1	1	0.08213961	0.4	0.649339131
53	1	1	0.157014207	1	0.695602057
30	1	1	0.153683392	1	0.571492891
53	0	1	0.070032159	0.8	0.537350937
53	0	1	0.065544786	1	0.614702124
34	1	1	0.171744155	1	0.555081116
53	0	1	0.009850647	1	0.555081116
53	0	1	0.022929028	1	0.555081116
53	0	1	0.088105135	1	0.555081116
33	1	1	0.12898316	0.4	0.646764857
53	0	1	0.034024389	1	0.614702124
53	0	1	0.015140782	1	0.614702124
37	1	1	0.121545364	1	0.614702124
53	0	1	0.070792041	1	0.614702124
74	0	1	0.022383994	0.8	0.664570075
53	0	1	0.332976611	0.6	0.619220131
53	0	1	0.046043413	0.2	0.651270357
53	0	1	0.100251032	0.6	0.619220131
37	1	1	0.121811323	0.2	0.510655616
42	1	1	0.034862294	0.4	0.510655616
53	0	1	0.034410888	0.2	0.649339131
53	0	1	0.035440799	0.2	0.619220131
53	0	1	0.045139199	0.6	0.510655616
53	0	1	0.024383478	0.2	0.566564252
53	0	1	0.118886683	0.2	0.581356423
53	0	1	0.098432744	0.8	0.581356423
53	0	1	0.135622176	1	0.655143232
53	0	1	0.093923659	0.2	0.654645052
53	0	1	0.025368158	0.2	0.654645052
53	0	1	0.043045588	0.8	0.65150694
53	0	1	0.10751695	0.8	0.527745874
53	0	1	0.082046434	0.6	0.617213865
53	0	1	0.009355457	0.6	0.617213865
53	0	1	0.061810509	0.4	0.655143232
77	0	1	0.205368927	0.4	0.666844191
53	0	1	0.179286435	0.4	0.646679396
53	0	1	0.001849209	0.2	0.52122056
51	0	1	0.001041328	0.6	0.594872923
53	0	1	0.064575936	0.4	0.646679396
53	0	1	0.113889102	0.2	0.656038495
53	0	1	0.067498315	0.4	0.656038495
53	0	1	0.046179106	0.2	0.656038495
53	0	1	0.045527779	0.2	0.527745874
74	0	1	0.047646854	0.2	0.676365876
73	0	1	0.040155866	1	0.676365876
53	0	1	0.019287656	0.2	0.52122056
30	1	1	0.138690199	1	0.52122056
53	0	1	0.171865374	1	0.628402054
77	0	1	0.102733313	0.8	0.681439384
53	0	1	0.008234767	0.2	0.552389072
53	0	1	0.02845649	0.2	0.552389072
53	0	1	0.022018617	1	0.628402054
53	0	1	0.006042689	1	0.628402054
77	0	1	0.073992139	1	0.766705159
77	0	1	0.01127823	1	0.766705159
53	0	1	0.011851941	0.8	0.552389072
74	0	1	0.012992351	0.2	0.676365876
77	0	1	0.138062844	0.8	0.681439384
53	0	1	0.053440048	0.8	0.552389072
53	0	1	0.003148132	0.2	0.553212422
53	0	1	0.116568591	0.4	0.545371831
53	0	1	0.021363671	0.2	0.487453804
53	0	1	0.021709689	0.2	0.487453804
53	0	1	0.0083018	0.2	0.519876101
53	0	1	0.007847318	0.6	0.519876101
53	0	1	0.081861891	0.6	0.466113389
53	0	1	0.029265402	0.2	0.559947222
51	0	1	0.32483909	0.8	0.516023029
53	0	1	0.043875262	0.4	0.639718435
53	0	1	0.039951377	0.2	0.640045691
29	1	1	0.02975132	1	0.640045691
43	1	1	0.018451695	0.6	0.640045691
53	0	1	0.001840488	0.2	0.511947964
53	0	1	0.074521342	0.4	0.490972325
53	0	1	0.181886769	0.8	0.511947964
53	0	1	0.031081294	0.8	0.490972325
53	0	1	0.059567048	0.8	0.557566801
53	0	1	0.057333538	0.8	0.583536739
29	1	1	0.247782547	0.6	0.490972325
53	0	1	0.105440845	0.4	0.557566801
53	0	1	0.03709793	0.6	0.513895866
53	0	1	0.099611013	1	0.545932544
53	0	1	0.046871594	0.2	0.513895866
31	1	1	0.050099734	1	0.557566801
27	1	1	0.088058095	0.6	0.545932544
53	0	1	0.038183701	0.8	0.545932544
76	0	1	0.008050722	0.4	0.607868314
53	0	1	0.080112354	0.8	0.557520943
53	0	1	0.063644629	0.6	0.617594274
53	0	1	0.162469978	0.8	0.617594274
53	0	1	0.056550136	0.2	0.557566801
51	0	1	0.195325822	0.8	0.556772632
53	0	1	0.192784289	0.6	0.556772632
53	0	1	0.113320548	0.4	0.515489414
53	0	1	0.04648532	0.4	0.496631558
35	1	1	0.255430668	0.4	0.59455192
53	0	1	0.037355792	0.4	0.59455192
53	0	1	0.056276941	0.2	0.496631558
53	0	1	0.011986367	0.8	0.513895866
67	0	1	0.110762279	1	0.695206015
70	0	1	0.07272386	1	0.706770444
53	0	1	0.041968637	0.2	0.581501291
53	0	1	0.027887348	0.4	0.496631558
53	0	1	0.153176351	0.8	0.522299254
30	1	1	0.047224848	0.4	0.515489414
65	0	1	0.112481512	1	0.686957917
75	0	1	0.307340549	0.8	0.673439334
77	0	1	0.300107198	0.8	0.781240946
53	0	1	0.030639567	1	0.573827455
53	0	1	0.161537766	0.6	0.528851666
53	0	1	0.131865284	0.8	0.528851666
53	0	1	0.007087481	0.6	0.50124649
53	0	1	0.020347194	0.6	0.50124649
53	0	1	0.025113326	0.6	0.512285642
50	0	1	0.019876745	0.2	0.626674059
26	1	1	0.052368977	0.4	0.569175003
71	0	1	0.047420246	0.8	0.768499855
53	0	1	0.060640834	0.8	0.641360967
41	1	1	0.171721992	0.4	0.521778146
53	0	1	0.066222347	0.4	0.528851666
53	0	1	0.090800002	0.8	0.528851666
53	0	1	0.041463903	0.6	0.528851666
53	0	1	0.043497944	0.6	0.528851666
53	0	1	0.0668886	0.6	0.484716945
53	0	1	0.002709942	0.6	0.528851666
53	0	1	0.015130152	0.4	0.528851666
76	0	1	0.081950544	0.4	0.604156983
53	0	1	0.026561173	0.2	0.569175003
53	0	1	0.040925111	0.2	0.569175003
53	0	1	0.019595318	0.2	0.569175003
76	0	1	0.052241878	0.6	0.618276925
58	1	1	0.058884512	1	0.732041055
76	0	1	0.007124073	1	0.783449401
27	1	1	0.132459168	1	0.537928325
53	0	1	0.005097948	1	0.645191111
53	0	1	0.009103113	0.6	0.537928325
53	0	1	0.036487763	1	0.562196324
53	0	1	0.043420192	1	0.522375335
53	0	1	0.044356792	1	0.522375335
53	0	1	0.085767594	1	0.522375335
53	0	1	0.005355991	0.8	0.487893619
53	0	1	0.009414348	0.8	0.487893619
53	0	1	0.010730708	0.8	0.487893619
53	0	1	0.012685006	0.8	0.487893619
48	1	1	0.273394184	0.6	0.540246213
26	1	1	0.109683971	0.4	0.457391083
53	0	1	0.040845911	0.4	0.540246213
53	0	1	0.025111472	0.4	0.540246213
50	0	1	0.036067928	0.6	0.540246213
53	0	1	0.016198374	0.4	0.540246213
40	1	1	0.038101607	0.4	0.463514102
47	1	1	0.107864325	0.4	0.463514102
40	1	1	0.006184398	0.8	0.463514102
36	1	1	0.119490517	0.4	0.463514102
36	1	1	0.210817461	0.4	0.457391083
53	0	1	0.015636288	0.4	0.540246213
28	1	1	0.161014895	0.6	0.486235453
29	1	1	0.081889935	0.4	0.603503513
53	0	1	0.079365137	0.4	0.402321432
43	1	1	0.072928304	0.8	0.641393276
31	1	1	0.125297281	1	0.634933621
53	0	1	0.033710711	0.4	0.634933621
53	0	1	0.023597272	1	0.444277921
53	0	1	0.018135395	1	0.444277921
53	0	1	0.031127701	1	0.472105089
53	0	1	0.142747878	1	0.402321432
53	0	1	0.03461393	0.4	0.472105089
28	1	1	0.160210234	1	0.428259062
53	0	1	0.043735769	0.4	0.428259062
53	0	1	0.034731667	0.4	0.551739771
33	1	1	0.043912758	0.8	0.428259062
53	0	1	0.008172303	0.2	0.548765287
53	0	1	0.0045815	0.8	0.612390489
53	0	1	0.023190735	0.4	0.457391083
53	0	1	0.018816982	0.4	0.457391083
34	1	1	0.088523975	0.4	0.457391083
53	0	1	0.096685015	0.4	0.457391083
53	0	1	0.010019042	0.4	0.457391083
53	0	1	0.004455472	0.4	0.457391083
53	0	1	0.086022697	0.4	0.510892199
53	0	1	0.065553379	0.4	0.510892199
47	1	1	0.070371845	0.4	0.774208072
68	0	1	0.031135254	0.4	0.774208072
63	1	1	0.062533754	0.4	0.804559487
53	0	1	0.034305635	0.4	0.68092974
68	0	1	0.035021553	0.4	0.804559487
68	0	1	0.034860892	0.4	0.620934576
68	0	1	0.031796126	0.4	0.804559487
53	0	1	0.030798328	0.4	0.542606832
53	0	1	0.030209917	0.4	0.402321432
53	0	1	0.01855722	0.4	0.43588704
53	0	1	0.034469734	0.6	0.70686737
51	0	1	0.032559174	0.4	0.70686737
53	0	1	0.032047067	0.4	0.70686737
53	0	1	0.030046678	0.4	0.70686737
53	0	1	0.038829013	1	0.565544964
53	0	1	0.073564705	0.2	0.604995967
53	0	1	0.019885339	0.4	0.604995967
53	0	1	0.080861833	0.4	0.604995967
53	0	1	0.043987118	0.8	0.548765287
42	1	1	0.047898339	1	0.565544964
38	1	1	0.052568898	0.4	0.604995967
53	0	1	0.024024931	0.4	0.604995967
53	0	1	0.025717433	0.4	0.548765287
53	0	1	0.044624424	0.4	0.548765287
53	0	1	0.054030766	0.4	0.604995967
53	0	1	0.058197452	0.4	0.548765287
53	0	1	0.084663504	0.4	0.604995967
53	0	1	0.021660839	0.4	0.604995967
53	0	1	0.004444223	0.8	0.548765287
53	0	1	0.028580921	0.2	0.548765287
53	0	1	0.021874059	0.4	0.604995967
52	0	1	0.071502169	0.4	0.583593019
53	0	1	0.046614681	0.4	0.583593019
53	0	1	0.001274041	0.4	0.565518909
53	0	1	0.060639024	0.4	0.577680527
49	1	1	0.218148964	1	0.527058012
53	0	1	0.040530832	0.4	0.583593019
42	1	1	0.211556084	0.6	0.583593019
53	0	1	0.042154989	0.4	0.583593019
40	1	1	0.135927938	0.6	0.538554697
27	1	1	0.033912396	0.4	0.583593019
53	0	1	0.032565415	0.4	0.583593019
39	1	1	0.090027003	0.4	0.505529998
53	0	1	0.047285458	0.4	0.505529998
51	0	1	0.102040826	0.4	0.505529998
48	1	1	0.149037709	0.4	0.479044163
28	1	1	0.370631019	1	0.597716088
72	0	1	0.016918724	0.6	0.627811117
53	0	1	0.023479852	0.8	0.595493041
48	1	1	0.175556229	1	0.479044163
53	0	1	0.035103647	0.4	0.595493041
53	0	1	0.037646854	0.4	0.479044163
53	0	1	0.001194964	0.4	0.505529998
53	0	1	0.115354589	1	0.519226801
53	0	1	0.019989099	0.6	0.597716088
28	1	1	0.01797686	0.6	0.597716088
53	0	1	0.017139588	0.8	0.501934353
53	0	1	0.038890482	0.8	0.519226801
53	0	1	0.009091534	0.8	0.501934353
53	0	1	0.038782063	0.8	0.519226801
53	0	1	0.022448991	0.6	0.577680527
53	0	1	0.008239607	0.8	0.456637561
53	0	1	0.006934691	0.8	0.456637561
53	0	1	0.029055078	0.8	0.454197733
53	0	1	0.005718473	1	0.431964139
53	0	1	0.005451383	0.8	0.402321432
47	1	1	0.143371614	0.4	0.611203405
53	0	1	0.093762636	0.8	0.611203405
53	0	1	0.011090792	0.4	0.611203405
53	0	1	0.005769177	0.6	0.498009367
53	0	1	0.183196208	0.8	0.426296569
53	0	1	0.099384858	1	0.577680527
53	0	1	0.009909538	0.8	0.498506504
47	1	1	0.115298955	0.4	0.577680527
47	1	1	0.026273503	0.4	0.527058012
53	0	1	0.023453889	0.4	0.577680527
30	1	1	0.101512979	0.4	0.512481579
35	1	1	0.078639631	0.4	0.527058012
53	0	1	0.062872987	0.4	0.49982595
53	0	1	0.009316966	0.4	0.527058012
52	0	1	0.047284553	0.4	0.527058012
53	0	1	0.00678086	0.4	0.527058012
41	1	1	0.04970351	0.4	0.527058012
43	1	1	0.043261295	0.4	0.464264498
53	0	1	0.007406044	0.4	0.527058012
42	1	1	0.122802788	1	0.439415984
41	1	1	0.193919588	1	0.511360154
53	0	1	0.11997268	0.4	0.527090321
53	0	1	0.066278433	0.4	0.527090321
53	0	1	0.021785134	0.8	0.439415984
53	0	1	0.026698178	0.6	0.577379327
53	0	1	0.0350505	0.4	0.660694074
28	1	1	0.121526367	0.8	0.660694074
53	0	1	0.033408206	0.4	0.660694074
34	1	1	0.085499826	0.6	0.636131127
30	1	1	0.097301515	0.6	0.701162279
33	1	1	0.100525133	0.6	0.701162279
53	0	1	0.033234971	0.8	0.498506504
53	0	1	0.013236735	0.4	0.625427569
53	0	1	0.039978968	0.6	0.743118769
31	1	1	0.100353255	0.4	0.601549358
53	0	1	0.028590781	0.4	0.625427569
41	1	1	0.047810138	0.6	0.704965325
29	1	1	0.051025614	0.4	0.431964139
41	1	1	0.050759656	1	0.431964139
53	0	1	0.014832758	0.4	0.454197733
47	1	1	0.019206195	0.6	0.563357353
53	0	1	0.04914355	0.8	0.454197733
42	1	1	0.02073514	0.6	0.563357353
36	1	1	0.015784013	1	0.454197733
53	0	1	0.217580862	0.8	0.498506504
52	1	1	0.142485537	0.8	0.441118965
53	0	1	0.0166918	1	0.517483173
38	1	1	0.105683283	0.8	0.436905285
38	1	1	0.009578808	0.8	0.576782137
53	0	1	0.018132952	1	0.527090321
53	0	1	0.009670537	1	0.518630653
28	1	1	0.078929109	0.4	0.518630653
46	1	1	0.141972617	0.8	0.60032267
53	0	1	0.009469711	0.8	0.518630653
53	0	1	0.188141772	1	0.450604173
53	0	1	0.04289818	0.4	0.464571951
53	0	1	0.088774103	0.8	0.554317171
53	0	1	0.003416754	0.8	0.60032267
53	0	1	0.005124634	0.4	0.464571951
41	1	1	0.035419631	0.4	0.518630653
31	1	1	0.255591238	0.6	0.518630653
53	0	1	0.098955162	0.8	0.517098596
53	0	1	0.234282884	0.8	0.436905285
53	0	1	0.024734788	0.2	0.402321432
53	0	1	0.125563692	0.8	0.516833873
53	0	1	0.022272318	0.8	0.517098596
29	1	1	0.053194896	0.6	0.449298276
53	0	1	0.201259685	0.8	0.449298276
53	0	1	0.107222044	0.8	0.449298276
53	0	1	0.015607385	0.8	0.449298276
53	0	1	0.029060099	0.8	0.449298276
53	0	1	0.023690855	0.4	0.518630653
48	1	1	0.064135838	0.6	0.518630653
37	1	1	0.170999652	1	0.518630653
53	0	1	0.041106307	0.4	0.559323977
34	1	1	0.030316708	0.4	0.559323977
53	0	1	0.044279808	0.6	0.56053399
30	1	1	0.18978366	0.4	0.56053399
53	0	1	0.0957424	0.6	0.402321432
29	1	1	0.025768272	0.6	0.402321432
53	0	1	0.052867876	0.4	0.559323977
46	1	1	0.039071361	0.4	0.559323977
40	1	1	0.073405492	0.4	0.520673397
53	0	1	0.012632584	0.4	0.559323977
33	1	1	0.026345375	0.4	0.559323977
53	0	1	0.02270441	0.4	0.559323977
53	0	1	0.046075979	0.8	0.51180935
53	0	1	0.005427728	0.4	0.520673397
53	0	1	0.026197922	1	0.520673397
53	0	1	0.024467246	0.8	0.486715915
53	0	1	0.033829669	0.2	0.486715915
53	0	1	0.018275249	0.4	0.486715915
53	0	1	0.157458828	1	0.487377722
53	0	1	0.025173258	0.2	0.487377722
53	0	1	0.123853506	1	0.487377722
31	1	1	0.565352101	1	0.598250745
53	0	1	0.078180535	0.8	0.598250745
53	0	1	0.013658876	0.8	0.598250745
53	0	1	0.010537797	0.2	0.486715915
47	1	1	0.133298656	0.8	0.50389893
53	0	1	0.193783895	1	0.443581721
53	0	1	0.187267003	0.4	0.443581721
53	0	1	0.007196895	1	0.443581721
35	1	1	0.138238341	1	0.555474031
41	1	1	0.115044304	1	0.441840178
51	0	1	0.028256478	1	0.441840178
32	1	1	0.096809853	0.8	0.483553831
53	0	1	0.064133124	0.8	0.519226801
53	0	1	0.134996178	0.8	0.550792397
53	0	1	0.046307562	0.8	0.519226801
53	0	1	0.057255289	0.2	0.467080565
52	0	1	0.047519755	1	0.581182373
32	1	1	0.084573494	0.4	0.483553831
40	1	1	0.05036705	0.8	0.550792397
53	0	1	0.045087138	0.4	0.453005438
53	0	1	0.050962743	0.2	0.519226801
53	0	1	0.013161742	0.8	0.519226801
42	1	1	0.111383754	1	0.499263153
48	1	1	0.264897529	1	0.453005438
53	0	1	0.111866822	0.4	0.453005438
53	0	1	0.027206394	0.4	0.426947954
46	1	1	0.027656669	0.4	0.426947954
53	0	1	0.031412702	0.4	0.50389893
53	0	1	0.002311533	0.4	0.50389893
53	0	1	0.103823382	0.8	0.50389893
53	0	1	0.014932538	0.4	0.50389893
53	0	1	0.009620557	0.8	0.50389893
53	0	1	0.070559101	1	0.555474031
53	0	1	0.079150289	1	0.555474031
30	1	1	0.370062916	1	0.617655764
53	0	1	0.022818981	0.2	0.555474031
51	0	1	0.091966511	1	0.436649943
53	0	1	0.262274127	1	0.527461349
42	1	1	0.033475691	0.8	0.436649943
53	0	1	0.048088309	1	0.441840178
53	0	1	0.007625053	0.8	0.456600041
53	0	1	0.025249427	0.8	0.555474031
53	0	1	0.017273291	0.8	0.555474031
31	1	1	0.043697504	0.4	0.555474031
53	0	1	0.033782131	0.2	0.555474031
37	1	1	0.080370171	0.4	0.524978791
41	1	1	0.086794791	0.8	0.528248223
52	0	1	0.104827059	0.4	0.514849494
52	0	1	0.035015944	0.4	0.514849494
53	0	1	0.15715578	0.4	0.514849494
53	0	1	0.136465735	0.4	0.53015652
53	0	1	0.058065829	0.4	0.505114154
53	0	1	0.02878342	0.8	0.518977711
30	1	1	0.117464166	1	0.518977711
53	0	1	0.026608439	0.8	0.518977711
53	0	1	0.072124548	0.8	0.518977711
53	0	1	0.035278556	0.2	0.505114154
53	0	1	0.054203549	0.4	0.446690652
53	0	1	0.000683523	0.8	0.576782137
53	0	1	0.056219497	0.4	0.446690652
53	0	1	0.028881933	0.4	0.530707852
53	0	1	0.035686856	0.4	0.446690652
53	0	1	0.031622981	0.4	0.533372799
30	1	1	0.016568364	0.4	0.505612333
53	0	1	0.00980225	0.8	0.518627527
53	0	1	0.042552841	0.4	0.505612333
49	1	1	0.054387187	0.4	0.505612333
53	0	1	0.003870074	1	0.402321432
53	0	1	0.091510129	0.4	0.527461349
50	0	1	0.052920796	1	0.527461349
53	0	1	0.013791539	0.8	0.521666628
53	0	1	0.396751957	0.8	0.55140522
53	0	1	0.279209994	0.8	0.507189206
53	0	1	0.083990465	0.8	0.55140522
53	0	1	0.031129374	0.8	0.55140522
32	1	1	0.094311742	0.2	0.555785654
53	0	1	0.001014275	0.4	0.489574713
53	0	1	0.023887158	0.6	0.505114154
53	0	1	0.037896937	0.6	0.525919912
53	0	1	0.036839887	0.4	0.489574713
53	0	1	0.045080308	0.8	0.525919912
47	1	1	0.019029839	0.2	0.501347585
53	0	1	0.060719083	0.8	0.507189206
39	1	1	0.076630014	0.8	0.507189206
53	0	1	0.176678412	0.8	0.577368905
53	0	1	0.034963069	0.2	0.443821431
29	1	1	0.265171629	0.8	0.470880485
53	0	1	0.002492155	0.8	0.435440972
53	0	1	0.014451234	0.8	0.470880485
51	0	1	0.040704293	0.6	0.470880485
53	0	1	0.022754843	0.4	0.470880485
53	0	1	0.028775414	0.2	0.443821431
53	0	1	0.03060682	0.4	0.446690652
53	0	1	0.071883014	0.4	0.529077826
53	0	1	0.058740224	0.6	0.580343389
51	0	1	0.043086025	0.2	0.576831121
51	0	1	0.032519461	0.2	0.580343389
53	0	1	0.270722838	0.8	0.576831121
53	0	1	0.132050279	0.8	0.480149954
53	0	1	0.082589659	0.8	0.472105089
53	0	1	0.07121857	0.4	0.533372799
53	0	1	0.11030047	0.6	0.533372799
28	1	1	0.060947953	0.6	0.533372799
53	0	1	0.049489567	1	0.480149954
53	0	1	0.030936826	0.4	0.505612333
53	0	1	0.000980225	0.4	0.505612333
53	0	1	0.089843365	0.8	0.443821431
53	0	1	0.095626156	0.4	0.464370804
53	0	1	0.040853329	0.4	0.464370804
53	0	1	0.050210098	0.4	0.464370804
53	0	1	0.043635854	0.4	0.464370804
53	0	1	0.005780032	1	0.505769708
53	0	1	0.470163329	0.8	0.55763246
53	0	1	0.434633425	0.8	0.576831121
53	0	1	0.021833215	0.4	0.435440972
53	0	1	0.002468255	0.4	0.443821431
53	0	1	0.052611868	0.8	0.55763246
53	0	1	0.051215133	0.2	0.505769708
53	0	1	0.02678475	0.8	0.576831121
53	0	1	0.012119256	0.4	0.514797383
53	0	1	0.02221388	0.8	0.576831121
53	0	1	0.007316939	0.2	0.55763246
53	0	1	0.034664544	0.8	0.55763246
53	0	1	0.009399558	0.8	0.55763246
46	1	1	0.02816683	0.8	0.55763246
53	0	1	0.016827358	0.8	0.576831121
53	0	1	0.02915047	0.4	0.480149954
41	1	1	0.056495859	0.8	0.559350032
53	0	1	0.041027514	0.2	0.587796276
53	0	1	0.016227096	0.4	0.552372396
37	1	1	0.075071352	0.4	0.559350032
53	0	1	0.003110178	1	0.531956427
53	0	1	0.364916526	0.8	0.454029937
53	0	1	0.01401783	0.8	1
53	0	1	0.050984454	0.4	0.402321432
28	1	1	0.020138452	0.8	1
37	1	1	0.033907738	0.8	1
53	0	1	0.013935962	0.4	0.559350032
36	1	1	0.091938468	0.4	0.559350032
53	0	1	0.036812341	0.8	0.664907753
53	0	1	0.018066327	0.8	0.454029937
53	0	1	0.016720612	0.8	0.628375998
53	0	1	0.018975607	0.4	0.559350032
53	0	1	0.038016935	0.4	0.41030168
32	1	1	0.042474546	0.4	0.672778569
36	1	1	0.00721942	0.2	0.505671739
53	0	1	0.007307666	0.2	0.505671739
53	0	1	0.018356936	0.2	0.505671739
53	0	1	0.033152379	1	0.670066723
53	0	1	0.059065436	0.4	0.487101535
53	0	1	0.038951815	0.4	0.402321432
53	0	1	0.09979646	1	0.445383713
42	1	1	0.019662757	0.4	0.442066339
53	0	1	0.018900523	1	0.495920767
42	1	1	0.018944805	0.8	0.499691504
53	0	1	0.010441274	0.8	0.495920767
53	0	1	0.01957424	0.8	0.499691504
53	0	1	0.022678719	0.8	0.402321432
53	0	1	0.010577465	0.4	0.670066723
53	0	1	0.026819759	0.4	0.541469775
46	1	1	0.073527164	0.6	0.544319193
40	1	1	0.005536011	0.4	0.668045866
53	0	1	0.061334678	0.8	0.544319193
53	0	1	0.062431984	0.4	0.445383713
53	0	1	0.049671849	0.4	0.498506504
53	0	1	0.02287172	0.4	0.544319193
53	0	1	0.008071121	0.8	0.527572867
30	1	1	0.206634945	0.4	0.433707767
53	0	1	0.039645072	0.4	0.494730556
53	0	1	0.020778381	0.2	0.433707767
53	0	1	0.014830768	0.4	0.494730556
30	1	1	0.205067688	0.6	0.583907768
53	0	1	0.018442061	0.4	0.539288417
53	0	1	0.01464324	0.4	0.539288417
53	0	1	0.020263019	0.4	0.539288417
30	1	1	0.206872408	1	0.583907768
38	1	1	0.072893476	1	0.583907768
53	0	1	0.027971749	0.4	0.481051471
53	0	1	0.026851873	0.4	0.539288417
41	1	1	0.087380533	0.2	0.539288417
53	0	1	0.027522061	1	0.402321432
53	0	1	0.03640101	1	0.483184887
53	0	1	0.102349301	0.8	0.529490544
53	0	1	0.021753292	1	0.544210803
53	0	1	0.009796144	1	0.483184887
33	1	1	0.152649862	1	0.483184887
53	0	1	0.073095207	1	0.544210803
53	0	1	0.023352074	1	0.544210803
53	0	1	0.056726085	1	0.544210803
53	0	1	0.08725072	0.8	0.544210803
53	0	1	0.057120952	0.8	0.544210803
42	1	1	0.044479911	0.4	0.544210803
52	0	1	0.033716229	0.2	0.544210803
53	0	1	0.087812038	0.8	0.544210803
53	0	1	0.003104203	0.6	0.481051471
47	1	1	0.060982781	0.6	0.481051471
53	0	1	0.030402873	0.6	0.481051471
53	0	1	0.057781778	0.8	0.546811132
21	1	1	0.140202273	1	0.557238503
42	1	1	0.02403633	1	0.544207676
53	0	1	0.022949291	0.2	0.544207676
31	1	1	0.019899497	0.6	0.402321432
53	0	1	0.023998109	0.2	0.539288417
47	1	1	0.056456056	0.8	0.546811132
53	0	1	0.027967994	0.2	0.546811132
53	0	1	0.078096858	0.6	0.546601646
53	0	1	0.011854971	0.8	0.532979883
53	0	1	0.053909547	0.8	0.538915303
53	0	1	0.026566012	1	0.544207676
53	0	1	0.008473678	0.8	0.557238503
42	1	1	0.052434562	0.8	0.557238503
53	0	1	0.016169969	0.4	0.557238503
41	1	1	0.088757819	0.4	0.557238503
53	0	1	0.020087296	0.8	0.557238503
53	0	1	0.017968537	0.4	0.557238503
53	0	1	0.007057855	0.8	0.557238503
53	0	1	0.086343837	0.6	0.492919184
53	0	1	0.100547748	1	0.491201613
53	0	1	0.048453324	1	0.556749703
27	1	1	0.024646135	1	0.556749703
53	0	1	0.114282613	1	0.559973278
53	0	1	0.054454581	1	0.544702729
53	0	1	0.088557898	0.6	0.566846692
53	0	1	0.09823825	0.4	0.566846692
50	0	1	0.06072632	0.4	0.566846692
53	0	1	0.032746973	0.8	0.559973278
53	0	1	0.169883801	0.8	0.559973278
53	0	1	0.038057688	0.2	0.544702729
53	0	1	0.026722829	1	0.544702729
53	0	1	0.108095908	0.2	0.544702729
53	0	1	0.085527869	0.4	0.564872735
26	1	1	0.077597055	0.6	0.564872735
53	0	1	0.050948722	0.4	0.538915303
53	0	1	0.03484583	0.4	0.564872735
53	0	1	0.036588085	0.4	0.564872735
26	1	1	0.186297249	0.6	0.456822033
53	0	1	0.086968931	0.6	0.491201613
48	1	1	0.017092457	0.8	0.456822033
41	1	1	0.030251349	0.4	0.553299969
53	0	1	0.079747792	1	0.556749703
53	0	1	0.009676507	1	0.556749703
53	0	1	0.07078797	0.4	0.553299969
53	0	1	0.044636908	0.2	0.491201613
53	0	1	0.118113231	1	0.491201613
53	0	1	0.047307621	0.2	0.491201613
53	0	1	0.038633524	0.2	0.551119653
53	0	1	0.060552633	0.2	0.551119653
53	0	1	0.130000859	0.8	0.402321432
53	0	1	0.031807298	0.8	0.402321432
29	1	1	0.148238929	1	0.553212422
53	0	1	0.015511857	1	0.553212422
53	0	1	0.108789752	1	0.553212422
53	0	1	0.095494986	1	0.638970124
53	0	1	0.026245098	1	0.402321432
53	0	1	0.041766499	0.2	0.751240758
53	0	1	0.03355394	0.8	0.604968869
28	1	1	0.11745919	0.8	0.604968869
53	0	1	0.069732277	1	0.564872735
53	0	1	0.061529624	0.4	0.564872735
53	0	1	0.03103552	0.2	0.481745587
27	1	1	0.095429401	0.8	0.604968869
39	1	1	0.127322276	0.8	0.604968869
53	0	1	0.09417831	0.8	0.604968869
53	0	1	0.031771384	0.2	0.456822033
50	0	1	0.037284598	0.4	0.564872735
53	0	1	0.052750275	0.8	0.604968869
53	0	1	0.001181426	1	0.604968869
53	0	1	0.057461542	1	0.553299969
38	1	1	0.059928897	0.4	0.553299969
53	0	1	0.001252186	1	0.481745587
53	0	1	0.090468006	1	0.538229525
53	0	1	0.053045181	1	0.469568335
53	0	1	0.017201147	1	0.481745587
53	0	1	0.056712064	0.6	0.481745587
53	0	1	0.145976018	0.8	0.601520176
32	1	1	0.17803263	0.8	0.539236306
53	0	1	0.088817072	0.8	0.601520176
53	0	1	0.079394989	0.8	0.469568335
30	1	1	0.105977737	0.8	0.601520176
41	1	1	0.078920515	0.8	0.469568335
53	0	1	0.013006056	0.4	0.469568335
53	0	1	0.09107365	0.8	0.536790225
53	0	1	0.039248441	0.8	0.535062231
51	0	1	0.009810889	1	0.751240758
38	1	1	0.152493362	0.8	0.524092907
28	1	1	0.110791679	1	0.554737184
53	0	1	0.104407315	1	0.554737184
29	1	1	0.076658962	0.8	0.535062231
36	1	1	0.094737366	1	0.601520176
53	0	1	0.135327722	0.2	0.444277921
53	0	1	0.129190771	1	0.444277921
40	1	1	0.346535527	1	0.541888746
41	1	1	0.097848811	1	0.751240758
53	0	1	0.018199532	1	0.751240758
53	0	1	0.013833242	1	0.751240758
28	1	1	0.079588126	0.8	0.564915466
53	0	1	0.046749017	0.2	0.500956754
53	0	1	0.149073894	1	0.541888746
53	0	1	0.008932728	0.8	0.541888746
53	0	1	0.033830709	0.8	0.564915466
38	1	1	0.099200315	0.8	0.564915466
53	0	1	0.00596661	0.6	0.60465412
28	1	1	0.038113412	0.8	0.515747884
53	0	1	0.009144862	0.2	0.515747884
53	0	1	0.086881183	0.4	0.515747884
43	1	1	0.01355575	0.4	0.515747884
53	0	1	0.074779159	0.6	0.60465412
53	0	1	0.144886402	1	0.515747884
53	0	1	0.029746118	0.4	0.48313903
53	0	1	0.091767494	0.8	0.60465412
53	0	1	0.013661816	1	0.538229525
53	0	1	0.01361265	0.6	0.538229525
53	0	1	0.014742341	0.4	0.538229525
53	0	1	0.021635827	1	0.538229525
53	0	1	0.010498537	1	0.538229525
53	0	1	0.006447824	1	0.538229525
39	1	1	0.073595462	0.4	0.48313903
42	1	1	0.066379299	0.6	0.542984115
42	1	1	0.10792403	0.6	0.48313903
53	0	1	0.045189405	0.8	0.469568335
53	0	1	0.041699241	0.6	0.538229525
53	0	1	0.026355914	0.8	0.539236306
53	0	1	0.032551349	0.4	0.538229525
53	0	1	0.040119636	0.8	0.539236306
53	0	1	0.015001108	0.8	0.539236306
53	0	1	0.170272336	1	0.5152101
29	1	1	0.034786125	0.8	0.5152101
53	0	1	0.01095727	1	0.524092907
53	0	1	0.020027093	0.6	0.524092907
41	1	1	0.026833192	1	0.751240758
27	1	1	0.117579505	0.8	0.567495993
53	0	1	0.014691909	1	0.620364484
32	1	1	0.016929535	0.8	0.620364484
53	0	1	0.021904092	0.4	0.620364484
53	0	1	0.019623994	0.6	0.468453164
53	0	1	0.017065228	1	0.4638893
53	0	1	0.014963024	1	0.4638893
53	0	1	0.000567727	1	0.4638893
47	1	1	0.10883815	1	0.476399019
41	1	1	0.051212871	0.8	0.564915466
28	1	1	0.075482955	1	0.475875826
53	0	1	0.088089757	0.8	0.475875826
53	0	1	0.069789721	0.6	0.476399019
53	0	1	0.058061306	1	0.476399019
53	0	1	0.131540072	1	0.476399019
51	0	1	0.106584738	1	0.476399019
32	1	1	0.063626988	0.8	0.515747884
26	1	1	0.070171471	1	0.515747884
29	1	1	0.19112657	1	0.542984115
39	1	1	0.017193141	0.8	0.515747884
53	0	1	0.03162669	0.6	0.542984115
53	0	1	0.03004695	0.8	0.520640046
53	0	1	0.068072297	0.8	0.520640046
31	1	1	0.047305359	0.6	0.542984115
53	0	1	0.031306499	0.6	0.520640046
53	0	1	0.012498745	0.8	0.520640046
53	0	1	0.042060049	1	0.567495993
53	0	1	0.048665457	0.6	0.620364484
37	1	1	0.032783248	0.6	0.5152101
53	0	1	0.053600619	0.8	0.56875499
53	0	1	0.016571938	1	0.56875499
53	0	1	0.072329445	0.8	0.56875499
53	0	1	0.007915346	1	0.56875499
29	1	1	0.060109369	0.6	0.56875499
53	0	1	0.02997449	1	0.567495993
53	0	1	0.015457987	1	0.56875499
40	1	1	0.097986765	0.8	0.475875826
30	1	1	0.117564579	0.8	0.475875826
53	0	1	0.054706971	0.8	0.475875826
53	0	1	0.024074278	0.8	0.476399019
53	0	1	0.011815077	0.8	0.475875826
38	1	1	0.092213473	0.8	0.475875826
53	0	1	0.047398988	0.8	0.613530673
53	0	1	0.000949273	1	0.498719117
53	0	1	0.08168549	1	0.570679963
35	1	1	0.28867188	1	0.621508837
53	0	1	0.063609801	0.2	0.570679963
53	0	1	0.008998946	1	0.621508837
53	0	1	0.016433757	1	0.648594989
53	0	1	0.00711851	0.8	0.509957332
53	0	1	0.028611497	0.8	0.509957332
53	0	1	0.035495755	0.8	0.568351652
32	1	1	0.119625306	0.8	0.568351652
51	0	1	0.019155174	0.4	0.531753195
53	0	1	0.024604567	1	0.531753195
44	1	1	0.03087495	1	0.531753195
35	1	1	0.05574819	1	0.570679963
37	1	1	0.096865487	1	0.62536191
32	1	1	0.117494471	1	0.621508837
53	0	1	0.026041242	1	0.62536191
53	0	1	0.010872643	1	0.565016561
53	0	1	0.030184136	0.6	0.62536191
53	0	1	0.030628395	0.4	0.62536191
53	0	1	0.009893255	0.6	0.62536191
53	0	1	0.03690606	0.8	0.599765085
53	0	1	0.002157743	0.8	0.599765085
26	1	1	0.029173538	0.8	0.502520078
33	1	1	0.033455291	0.4	0.502520078
53	0	1	0.011500857	1	0.565016561
76	0	1	0.062682112	1	0.768109024
54	0	1	0.115797853	1	0.71748234
53	0	1	0.016638156	1	0.530848551
53	0	1	0.033886253	0.2	0.418296519
53	0	1	0.021159272	1	0.596706181
40	1	1	0.013779915	1	0.596706181
53	0	1	0.008204779	1	0.596706181
53	0	1	0.053407482	0.6	0.497354856
53	0	1	0.009596494	1	0.587039627
53	0	1	0.021940096	0.2	0.596761418
53	0	1	0.02566899	0.2	0.596761418
26	1	1	0.070113575	0.2	0.596706181
53	0	1	0.061855288	1	0.596706181
53	0	1	0.115923143	1	0.596761418
53	0	1	0.032648686	1	0.596761418
53	0	1	0.024058357	0.4	0.507262161
53	0	1	0.089156305	0.4	0.490244858
26	1	1	0.110414905	0.8	0.546759021
42	1	1	0.074901736	0.2	0.450762589
42	1	1	0.081042757	0.8	0.596761418
40	1	1	0.06723507	0.8	0.546759021
26	1	1	0.134950947	0.8	0.546759021
53	0	1	0.024851122	0.8	0.546759021
53	0	1	0.01575226	0.4	0.596761418
53	0	1	0.016030929	0.4	0.596761418
38	1	1	0.034202237	0.2	0.596761418
53	0	1	0.006934465	1	0.450762589
34	1	1	0.396699942	1	0.611759948
53	0	1	0.020375101	0.4	0.549405207
53	0	1	0.006223432	0.2	0.450762589
35	1	1	0.313785976	1	0.512941196
53	0	1	0.101040314	1	0.611759948
53	0	1	0.027525454	0.8	0.611759948
53	0	1	0.0103514	1	0.466949246
53	0	1	0.088233139	0.4	0.434755194
53	0	1	0.069227499	0.6	0.434755194
53	0	1	0.136128311	0.8	0.484124966
52	0	1	0.034831718	0.8	0.484124966
53	0	1	0.078139375	0.4	0.484124966
53	0	1	0.047505733	0.4	0.456786598
53	0	1	0.112005681	0.8	0.507543559
53	0	1	0.022204426	0.8	0.507543559
53	0	1	0.145129745	0.4	0.49219276
53	0	1	0.048833717	0.2	0.507543559
53	0	1	0.098845703	0.2	0.507543559
53	0	1	0.031634922	0.6	0.507543559
53	0	1	0.006430093	0.6	0.507543559
53	0	1	0.009251471	0.6	0.507543559
46	1	1	0.276522364	0.2	0.480116603
53	0	1	0.115179092	0.6	0.447343079
53	0	1	0.061126163	0.6	0.447343079
53	0	1	0.029674743	0.2	0.480116603
53	0	1	0.00533428	0.4	0.539679248
53	0	1	0.22076739	0.8	0.426296569
53	0	1	0.054262349	0.2	0.476157225
53	0	1	0.004344828	1	0.539679248
53	0	1	0.151532202	1	0.539679248
53	0	1	0.049207326	0.8	0.513138175
53	0	1	0.01052269	0.2	0.460556293
53	0	1	0.002217254	0.2	0.516810944
53	0	1	0.000956872	0.2	0.516810944
53	0	1	0.009523265	0.2	0.426296569
53	0	1	0.004515042	0.8	0.413044792
53	0	1	0.005030373	0.4	0.413044792
53	0	1	0.007885855	0.2	0.413044792
53	0	1	0.007931719	0.2	0.513138175
53	0	1	0.073918412	0.2	0.516810944
53	0	1	0.085934044	0.2	0.516810944
53	0	1	0.109640096	0.4	0.482282328
53	0	1	0.033992094	0.6	0.512583716
53	0	1	0.063038985	0.6	0.447343079
76	0	1	0.035313655	1	0.66556435
53	0	1	0.059894521	0.6	0.460556293
53	0	1	0.068563054	0.6	0.516810944
53	0	1	0.039698625	0.4	0.582829074
53	0	1	0.021253217	0.2	0.582829074
39	1	1	0.115159191	0.4	0.530188829
53	0	1	0.017561548	0.4	0.482282328
53	0	1	0.113753862	0.4	0.482282328
53	0	1	0.013153645	0.6	0.516810944
53	0	1	0.002050709	0.4	0.516810944
30	1	1	0.070862149	0.2	0.488780545
53	0	1	0.033881956	0.4	0.48720263
50	0	1	0.034755142	0.4	0.48720263
51	0	1	0.01394347	0.6	0.509931276
27	1	1	0.159404669	0.4	0.493008815
40	1	1	0.078589424	0.4	0.493008815
53	0	1	0.060593341	0.4	0.493008815
53	0	1	0.039565013	0.2	0.595286682
53	0	1	0.024994007	0.4	0.595286682
53	0	1	0.009868061	0.4	0.595286682
41	1	1	0.370249268	1	0.542902822
53	0	1	0.06958211	0.4	0.47817287
38	1	1	0.334776807	0.8	0.468162386
53	0	1	0.337948409	0.8	0.481200508
53	0	1	0.336957397	0.8	0.481200508
53	0	1	0.032928259	0.6	0.476184322
53	0	1	0.015156748	0.6	0.477381828
50	0	1	0.034513336	0.2	0.512973505
53	0	1	0.02722625	0.2	0.512973505
53	0	1	0.045563511	0.6	0.512973505
53	0	1	0.015184565	0.2	0.512973505
32	1	1	0.034155242	0.2	0.586986474
53	0	1	0.098871937	0.2	0.411154213
53	0	1	0.000394458	0.2	0.471821606
30	1	1	0.086110898	0.4	0.526887088
72	0	1	0.010427434	1	0.494562759
53	0	1	0.019952507	0.4	0.418562284
53	0	1	0.015448896	0.4	0.418562284
53	0	1	0.040043105	0.6	0.423071953
53	0	1	0.124429297	0.4	0.426733257
53	0	1	0.234902097	1	0.432496712
31	1	1	0.172421716	0.8	0.519735402
53	0	1	0.037659202	0.4	0.526887088
53	0	1	0.048665457	0.4	0.505691542
53	0	1	0.06070868	0.6	0.505691542
53	0	1	0.104377915	0.6	0.505691542
51	0	1	0.041390403	0.2	0.426733257
53	0	1	0.062986517	0.6	0.500389789
53	0	1	0.000680176	0.6	0.402321432
53	0	1	0.051759715	0.6	0.412810294
42	1	1	0.011520442	0.4	0.418562284
53	0	1	0.074863289	0.4	0.426733257
53	0	1	0.028899121	1	0.426733257
53	0	1	0.100308476	1	0.410712313
53	0	1	0.119965896	1	0.406643502
53	0	1	0.027335438	0.2	0.424097493
73	0	1	0.038280496	1	0.513795813
53	0	1	0.038704266	0.4	0.406643502
53	0	1	0.054659026	0.2	0.406643502
53	0	1	0.015019336	0.4	0.406643502
53	0	1	0.051662015	0.4	0.424097493
53	0	1	0.089744761	1	0.402321432
53	0	1	0.017256148	0.2	0.402321432
53	0	1	0.025846929	0.2	0.402321432
53	0	1	0.060314265	0.4	0.402321432
53	0	1	0.060431414	0.2	0.402321432
53	0	1	0.036881273	0.4	0.402321432
53	0	1	0.12498383	1	0.406643502
42	1	1	0.118384166	1	0.506070908
53	0	1	0.033922302	0.2	0.406643502
53	0	1	0.066628069	0.6	0.500389789
74	0	1	0.040197434	0.6	0.538673509
48	1	1	0.104301926	0.2	0.50136843
53	0	1	0.022632584	1	0.50136843
53	0	1	0.064344805	0.2	0.50136843
73	0	1	0.065566949	0.6	0.538673509
53	0	1	0.007089381	1	0.50136843
53	0	1	0.106452211	0.6	0.478526182
53	0	1	0.103944149	0.4	0.478526182
53	0	1	0.088858685	0.2	0.478526182
53	0	1	0.13527842	0.6	0.478526182
53	0	1	0.005486392	0.6	0.465208745
53	0	1	0.047239774	0.2	0.430031871
53	0	1	0.002947337	0.4	0.424097493
53	0	1	0.009051098	0.6	0.50136843
53	0	1	0.007784718	0.2	0.417777495
53	0	1	0.002738483	0.4	0.402321432
53	0	1	0.003113942	0.4	0.502797308
53	0	1	0.002668705	0.4	0.502797308
53	0	1	0.000436021	0.2	0.502797308
53	0	1	0.029780358	0.4	0.422002639
53	0	1	0.010874497	0.4	0.44795486
51	0	1	0.082375716	0.6	0.455441097
35	1	1	0.217075179	0.6	0.455441097
53	0	1	0.054881562	0.6	0.467138929
53	0	1	0.04230493	0.2	0.455441097
53	0	1	0.062471787	0.6	0.440193477
53	0	1	0.004123748	0.4	0.467138929
53	0	1	0.138964751	0.8	0.452323829
27	1	1	0.171934578	0.6	0.416306928
53	0	1	0.064611216	0.6	0.441990257
34	1	1	0.199494769	0.6	0.493864474
26	1	1	0.100090914	0.6	0.402321432
53	0	1	0.00566008	0.6	0.452323829
53	0	1	0.032963539	0.6	0.402321432
38	1	1	0.050461583	0.2	0.525064253
53	0	1	0.01990601	1	0.462671992
53	0	1	0.125957202	0.8	0.52750408
53	0	1	0.072447046	0.8	0.462671992
53	0	1	0.164429388	0.8	0.525064253
50	0	1	0.061012633	0.8	0.502797308
53	0	1	0.116435159	0.8	0.559429241
36	1	1	0.010668289	0.8	0.52750408
53	0	1	0.052990452	0.8	0.52750408
53	0	1	0.001375228	0.2	0.52750408
53	0	1	0.045440935	0.8	0.559429241
41	0	1	0.018730455	0.8	0.529895966
53	0	1	0.020971654	1	0.411753487
51	0	1	0.010591306	1	0.411753487
53	0	1	0.025108215	1	0.411753487
53	0	1	0.055184158	1	0.411753487
53	0	1	0.175444508	0.8	0.428259062
35	1	1	0.020811762	1	0.422002639
30	1	1	0.073695875	1	0.406471536
37	1	1	0.219935139	1	0.429518058
53	0	1	0.018489871	0.2	0.406471536
53	0	1	0.024072514	1	0.406471536
53	0	1	0.045168689	0.8	0.458002864
53	0	1	0.028036655	1	0.440193477
53	0	1	0.040448376	1	0.429518058
53	0	1	0.100235202	0.8	0.419294962
53	0	1	0.014436896	1	0.440193477
67	0	1	0.009086921	1	0.520833898
53	0	1	0.06518158	1	0.419294962
53	0	1	0.032539724	1	0.458033088
53	0	1	0.087555578	1	0.439173148
53	0	1	0.110997481	0.8	0.439173148
53	0	1	0.151994464	1	0.458033088
53	0	1	0.098301574	1	0.429783824
53	0	1	0.048473225	0.6	0.489551785
53	0	1	0.045473501	0.2	0.469186884
53	0	1	0.047015428	0.2	0.43588704
53	0	1	0.067891825	0.2	0.473354706
53	0	1	0.032316057	0.4	0.45826446
53	0	1	0.021688114	0.2	0.416706097
53	0	1	0.006040835	0.2	0.457230582
53	0	1	0.035783741	0.6	0.457230582
53	0	1	0.04720359	0.6	0.457230582
53	0	1	0.047083727	0.6	0.457230582
53	0	1	0.048904278	0.6	0.416706097
53	0	1	0.01017821	0.6	0.416706097
53	0	1	0.034103136	0.6	0.457230582
53	0	1	0.083226965	0.2	0.467705895
53	0	1	0.0074425	0.6	0.467705895
53	0	1	0.085031232	0.2	0.429783824
30	1	1	0.124877085	0.2	0.447940269
51	0	1	0.015686178	0.2	0.447940269
53	0	1	0.019328273	0.6	0.488499146
53	0	1	0.515765287	0.6	0.488499146
53	0	1	0.132333878	1	0.429783824
53	0	1	0.025758457	1	0.429783824
42	1	1	0.202106863	0.6	0.41691454
53	0	1	0.069479436	1	0.41691454
53	0	1	0.001042372	0.2	0.4274305
53	0	1	0.062215327	0.6	0.46833852
53	0	1	0.033733281	0.2	0.473987331
53	0	1	0.109055711	0.6	0.471321342
53	0	1	0.041151447	0.4	0.415289726
53	0	1	0.007673088	0.6	0.4437318
53	0	1	0.064318119	0.8	0.488445993
53	0	1	0.005831505	0.6	0.471321342
53	0	1	0.022783384	0.6	0.471321342
53	0	1	0.008587796	0.8	0.439616089
53	0	1	0.081474714	0.2	0.498696188
53	0	1	0.064409034	0.4	0.4906409
53	0	1	0.026701841	0.2	0.467532887
53	0	1	0.065412711	0.2	0.467532887
53	0	1	0.003787731	0.8	0.467532887
53	0	1	0.142604043	0.8	0.467532887
53	0	1	0.063004609	0.6	0.469830973
53	0	1	0.186903346	0.6	0.458416624
51	0	1	0.059154089	0.4	0.494616954
53	0	1	0.005090349	0.4	0.494616954
53	0	1	0.01234903	0.4	0.494616954
53	0	1	0.049066205	0.4	0.520371154
53	0	1	0.129881449	0.4	0.520371154
53	0	1	0.326892128	0.8	0.44663333
53	0	1	0.188911153	0.4	0.520705705
53	0	1	0.014587244	0.6	0.520705705
53	0	1	0.235715352	0.6	0.520705705
53	0	1	0.032293848	0.6	0.520705705
53	0	1	0.062566772	0.4	0.484843053
53	0	1	0.047812852	0.2	0.495297521
53	0	1	0.007411426	0.2	0.520705705
42	1	1	0.049733363	0.6	0.493682087
53	0	1	0.132617476	0.2	0.523499886
53	0	1	0.021021724	0.6	0.520705705
53	0	1	0.000847454	0.8	0.520705705
53	0	1	0.025006717	0.4	0.508832781
53	0	1	0.207265013	0.4	0.534858999
53	0	1	0.068542248	0.6	0.523499886
53	0	1	0.075641263	0.4	0.508832781
53	0	1	0.064080204	0.4	0.508832781
53	0	1	0.014693085	0.8	0.527802154
53	0	1	0.010174818	0.8	0.508449245
53	0	1	0.092239254	0.8	0.444277921
53	0	1	0.057003352	0.6	0.444277921
47	1	1	0.153580717	0.8	0.444277921
53	0	1	0.017089969	0.2	0.575428299
53	0	1	0.035965796	0.2	0.575428299
53	0	1	0.007827055	0.2	0.479422487
76	0	1	0.220628079	0.8	0.616753205
52	0	1	0.039005414	0.8	0.453548433
40	1	1	0.030445571	0.2	0.479422487
73	0	1	0.012888501	0.2	0.565560598
53	0	1	0.13567781	0.2	0.453548433
76	0	1	0.153911808	0.8	0.615977797
41	1	1	0.095537051	0.4	0.499880145
53	0	1	0.196711702	0.2	0.463482836
76	0	1	0.034592219	0.8	0.621098204
55	1	1	0.109000529	1	0.60626747
53	0	1	0.013831026	1	0.499880145
53	0	1	0.105667452	0.2	0.495297521
27	1	1	0.046424711	0.2	0.463482836
76	0	1	0.034055417	0.8	0.615977797
53	0	1	0.013990556	0.8	0.519738529
53	0	1	0.040951209	0.2	0.489451732
53	0	1	0.045534563	0.2	0.489451732
76	0	1	0.220400114	0.8	0.609447271
53	0	1	0.031090521	0.8	0.489451732
53	0	1	0.08986779	0.4	0.489451732
53	0	1	0.349788545	0.4	0.508832781
47	1	1	0.053960658	0.4	0.489451732
53	0	1	0.059492869	0.4	0.489451732
53	0	1	0.032355091	0.8	0.489451732
53	0	1	0.040776617	0.4	0.489451732
41	0	1	0.000596824	0.2	0.482854505
53	0	1	0.096542538	0.8	0.52511011
53	0	1	0.007251806	0.4	0.527802154
53	0	1	0.17858083	0.8	0.426296569
53	0	1	0.022577176	0.4	0.482089518
53	0	1	0.066807637	0.6	0.494475213
53	0	1	0.038419265	0.4	0.494475213
53	0	1	0.001250567	0.6	0.494475213
50	0	1	0.035085374	0.8	0.544233732
53	0	1	0.119855984	0.4	0.48660544
50	0	1	0.130577555	0.6	0.488803473
53	0	1	0.046632321	0.6	0.438698939
53	0	1	0.0585887	0.8	0.477694493
53	0	1	0.09147892	0.6	0.438698939
53	0	1	0.069644529	0.8	0.447655744
53	0	1	0.041099748	0.4	0.439375337
53	0	1	0.056480028	0.8	0.535757389
53	0	1	0.071309937	1	0.493487192
53	0	1	0.010882141	1	0.535757389
53	0	1	0.135113779	0.6	0.493487192
53	0	1	0.025724127	0.4	0.493487192
53	0	1	0.049745123	0.2	0.429414879
76	0	1	0.137755725	1	0.563216654
53	0	1	0.179480024	0.4	0.448938711
76	0	1	0.080935107	0.2	0.608043406
53	0	1	0.034827014	1	0.488195862
53	0	1	0.162180499	1	0.505946885
53	0	1	0.083358587	1	0.488195862
53	0	1	0.010192232	0.4	0.488195862
53	0	1	0.044687521	0.2	0.449476495
53	0	1	0.071978452	0.4	0.448938711
53	0	1	0.158096586	0.4	0.470387517
53	0	1	0.229531361	0.2	0.470387517
53	0	1	0.157447973	0.6	0.470387517
53	0	1	0.068883743	0.2	0.451039819
53	0	1	0.046973816	0.2	0.451039819
53	0	1	0.07500441	0.2	0.505946885
50	0	1	0.147729627	0.2	0.508658731
53	0	1	0.016430862	0.2	0.508658731
42	1	1	0.211101964	0.4	0.454053908
53	0	1	0.049714818	0.6	0.454053908
53	0	1	0.00260388	0.4	0.454053908
53	0	1	0.159164492	0.4	0.46641042
53	0	1	0.035783696	0.6	0.508412768
53	0	1	0.061304373	0.4	0.508412768
53	0	1	0.040127371	0.4	0.508412768
53	0	1	0.047457788	0.4	0.46641042
53	0	1	0.034059488	0.2	0.454053908
53	0	1	0.004452564	0.6	0.454053908
40	1	1	0.083966945	0.2	0.508124074
53	0	1	0.11535866	0.4	0.508124074
53	0	1	0.177883367	0.6	0.471565221
53	0	1	0.026370072	0.2	0.460193602
53	0	1	0.019621145	0.2	0.435052225
53	0	1	0.041632932	0.2	0.460193602
53	0	1	0.099004012	0.2	0.508124074
53	0	1	0.246570355	0.4	0.426733257
53	0	1	0.021374165	1	0.449481706
53	0	1	0.091821319	0.6	0.508475301
53	0	1	0.040385278	0.2	0.439375337
53	0	1	0.042217001	0.6	0.508475301
53	0	1	0.153056037	0.4	0.49553202
40	1	1	0.055529724	1	0.4713672
53	0	1	0.01723602	0.4	0.471565221
46	1	1	0.058050451	0.4	0.530110662
53	0	1	0.131657673	0.4	0.451258684
53	0	1	0.065703999	0.2	0.451258684
53	0	1	0.030943565	0.2	0.470074852
53	0	1	0.028413701	0.2	0.42063004
53	0	1	0.07872376	0.2	0.45780797
53	0	1	0.057753283	0.2	0.469065987
53	0	1	0.044425	0.2	0.42063004
53	0	1	0.0282667	0.2	0.492002034
39	1	1	1	0.8	0.558265086
53	0	1	0.007194589	0.6	0.470834627
53	0	1	0.05755698	0.2	0.558265086
53	0	1	0.136272146	0.2	0.490972325
53	0	1	0.042198772	0.4	0.486699239
53	0	1	0.11462863	0.2	0.48462523
53	0	1	0.231065146	0.4	0.529392576
53	0	1	0.156933696	0.4	0.530573406
53	0	1	0.055606616	0.2	0.466634497
53	0	1	0.011947966	0.2	0.466634497
29	1	1	0.04662825	0.2	0.474884679
53	0	1	0.014324723	0.8	0.474884679
53	0	1	0.104570599	0.6	0.597702539
53	0	1	0.229453564	0.6	0.48462523
53	0	1	0.154683903	0.6	0.498177164
53	0	1	0.046670768	1	0.47210092
53	0	1	0.011888306	1	0.47210092
53	0	1	0.105360333	1	0.471354693
53	0	1	0.038354991	1	0.660694074
53	0	1	0.017703393	1	0.47210092
53	0	1	0.001249323	0.4	0.473536051
53	0	1	0.002757756	0.2	0.48462523
53	0	1	0.104894906	1	0.660694074
40	1	1	0.089492824	1	0.498177164
53	0	1	0.01929227	0.6	0.660694074
53	0	1	0.047750433	0.2	0.541259247
53	0	1	0.047470905	0.6	0.475688227
