1	2	5	1	1	0.09375	0.384661061
1	1	5	1	1	0.09375	0.384661061
1	2	5	1	1	0.09375	0.384661061
1	1	5	1	1	0.09375	0.384661061
1	2	5	1	1	0.09375	0.384661061
1	1	5	1	1	0.09375	0.384661061
1	1	5	1	1	0.09375	0.384661061
1	1	5	1	1	0.09375	0.384661061
1	1	5	1	1	0.09375	0.384661061
1	1	4	1	1	0.094043887	0.312526721
1	1	5	1	1	0.107142857	0.384661061
1	2	5	1	1	0.107142857	0.384661061
1	1	4	1	1	0.12	0.245950311
1	1	4	1	1	0.123966942	0.191131063
1	1	4	1	1	0.133928571	0.245950311
1	1	4	1	1	0.138888889	0.245950311
1	1	4	1	1	0.142180095	0.245950311
1	1	4	1	1	0.145631068	0.312526721
1	1	4	1	1	0.152284264	0.245950311
1	1	4	1	1	0.15625	0.312526721
1	1	4	1	1	0.157068063	0.143247352
1	2	2	1	1	0.157894737	0.073986984
1	1	2	1	1	0.157894737	0.073986984
1	2	2	1	1	0.157894737	0.073986984
1	1	2	1	1	0.157894737	0.073986984
1	2	2	1	1	0.157894737	0.073986984
1	2	2	1	1	0.157894737	0.073986984
1	2	2	1	1	0.157894737	0.073986984
1	2	2	1	1	0.157894737	0.073986984
1	2	2	1	1	0.157894737	0.073986984
1	2	2	1	1	0.157894737	0.073986984
1	1	4	1	1	0.158730159	0.191131063
1	1	4	1	1	0.164835165	0.312526721
1	1	4	1	1	0.165745856	0.191131063
1	1	4	1	1	0.165745856	0.312526721
1	1	4	1	1	0.166666667	0.245950311
1	1	6	1	1	0.166666667	0.143247352
1	1	4	1	1	0.167597765	0.312526721
1	1	4	1	1	0.169491525	0.191131063
1	1	4	1	1	0.170454545	0.312526721
1	1	4	1	1	0.171428571	0.143247352
1	1	4	1	1	0.174418605	0.191131063
1	1	2	1	1	0.176470588	0.13897202
1	1	2	1	1	0.176470588	0.13897202
1	1	2	1	1	0.176470588	0.13897202
1	1	2	1	1	0.176470588	0.13897202
1	1	2	1	1	0.176470588	0.13897202
1	1	2	1	1	0.176470588	0.13897202
1	1	2	1	1	0.176470588	0.13897202
1	1	2	1	1	0.176470588	0.13897202
1	1	2	1	1	0.176470588	0.13897202
1	1	2	1	1	0.176470588	0.13897202
1	1	2	1	1	0.176470588	0.06948601
1	2	2	1	1	0.176470588	0.06948601
1	1	2	1	1	0.176470588	0.06948601
1	2	2	1	1	0.176470588	0.06948601
1	1	2	1	1	0.176470588	0.13897202
1	2	2	1	1	0.176470588	0.13897202
1	2	2	1	1	0.176470588	0.13897202
1	2	2	1	1	0.176470588	0.13897202
1	1	2	1	1	0.176470588	0.13897202
1	2	2	1	1	0.176470588	0.13897202
1	1	2	1	1	0.176470588	0.13897202
1	2	2	1	1	0.176470588	0.13897202
1	2	2	1	1	0.176470588	0.13897202
1	2	2	1	1	0.176470588	0.13897202
1	2	2	1	1	0.176470588	0.13897202
1	2	2	1	1	0.176470588	0.13897202
1	1	2	1	1	0.176470588	0.13897202
1	1	2	1	1	0.176470588	0.13897202
1	1	2	1	1	0.176470588	0.13897202
1	1	2	1	1	0.176470588	0.13897202
1	1	2	1	1	0.176470588	0.13897202
1	1	2	1	1	0.176470588	0.13897202
1	2	2	1	1	0.176470588	0.13897202
1	2	2	1	1	0.176470588	0.13897202
1	2	2	1	1	0.176470588	0.13897202
1	1	2	1	1	0.176470588	0.13897202
1	2	2	1	1	0.176470588	0.13897202
1	1	2	1	1	0.176470588	0.13897202
1	2	2	1	1	0.176470588	0.13897202
1	2	2	1	1	0.176470588	0.13897202
1	2	2	1	1	0.176470588	0.13897202
1	2	2	1	1	0.176470588	0.13897202
1	2	2	1	1	0.176470588	0.13897202
1	1	2	1	1	0.176470588	0.13897202
1	1	2	1	1	0.176470588	0.13897202
1	1	2	1	1	0.176470588	0.13897202
1	1	2	1	1	0.176470588	0.13897202
1	1	2	1	1	0.176470588	0.13897202
1	1	2	1	1	0.176470588	0.13897202
1	1	2	1	1	0.176470588	0.13897202
1	1	2	1	1	0.176470588	0.073986984
1	1	2	1	1	0.176470588	0.073986984
1	1	2	1	1	0.176470588	0.13897202
1	1	2	1	1	0.176470588	0.13897202
1	1	2	1	1	0.176470588	0.13897202
1	1	2	1	1	0.176470588	0.13897202
1	1	2	1	1	0.176470588	0.13897202
1	1	2	1	1	0.176470588	0.13897202
1	1	4	1	1	0.179640719	0.191131063
1	1	4	1	1	0.179640719	0.191131063
1	1	4	1	1	0.180722892	0.191131063
1	2	5	1	1	0.181818182	0.054462971
1	2	5	1	1	0.181818182	0.082347632
1	2	5	1	1	0.181818182	0.089591943
1	2	5	1	1	0.181818182	0.082347632
1	1	7	1	1	0.181818182	0.143247352
1	1	4	1	1	0.185185185	0.245950311
1	1	4	1	1	0.1875	0.191131063
1	2	5	1	1	0.1875	0.089591943
1	1	4	1	1	0.189873418	0.191131063
1	1	4	1	1	0.189873418	0.245950311
1	1	4	1	1	0.189873418	0.312526721
1	1	4	1	1	0.191082803	0.312526721
1	1	4	1	1	0.191082803	0.191131063
1	1	4	1	1	0.192307692	0.245950311
1	1	4	1	1	0.193548387	0.312526721
1	1	4	1	1	0.196078431	0.245950311
1	1	4	1	1	0.196078431	0.312526721
1	1	4	1	1	0.198675497	0.312526721
1	1	4	1	1	0.198675497	0.312526721
1	2	7	1	1	0.2	0.214289107
1	1	7	1	1	0.2	0.214289107
1	1	7	1	1	0.2	0.214289107
1	2	2	1	1	0.2	0.073986984
1	2	2	1	1	0.2	0.073986984
1	2	7	1	1	0.2	0.214289107
1	4	9	1	1	0.2	0.074818298
1	3	9	1	1	0.2	0.074818298
1	2	7	1	1	0.2	0.214289107
1	2	5	1	1	0.202702703	0.089591943
1	1	4	1	1	0.208333333	0.245950311
1	1	6	1	1	0.208333333	0.143247352
1	1	4	1	1	0.208333333	0.312526721
1	1	4	1	1	0.20979021	0.312526721
1	1	7	1	1	0.214285714	0.143247352
1	1	7	1	1	0.214285714	0.143247352
1	1	7	1	1	0.214285714	0.143247352
1	2	7	1	1	0.214285714	0.143247352
1	2	4	1	1	0.214285714	0.119281744
1	1	6	1	1	0.215827338	0.143247352
1	2	5	1	1	0.215827338	0.089591943
1	1	6	1	1	0.217391304	0.143247352
1	1	4	1	1	0.217391304	0.312526721
1	2	6	1	1	0.218978102	0.143247352
1	2	5	1	1	0.218978102	0.089591943
1	2	5	1	1	0.222222222	0.082347632
1	3	1	1	1	0.222222222	0.073250677
1	2	5	1	1	0.222222222	0.082347632
1	2	1	1	1	0.222222222	0.119281744
1	2	5	1	1	0.222222222	0.082347632
1	2	1	1	1	0.222222222	0.119281744
1	1	3	1	1	0.222222222	0.163768942
1	1	3	1	1	0.222222222	0.163768942
1	1	3	1	1	0.222222222	0.163768942
1	1	3	1	1	0.222222222	0.163768942
1	1	3	1	1	0.222222222	0.163768942
1	1	3	1	1	0.222222222	0.163768942
1	2	5	1	1	0.222222222	0.082347632
1	2	5	1	1	0.222222222	0.082347632
1	1	6	1	1	0.223880597	0.143247352
1	1	6	1	1	0.223880597	0.143247352
1	1	6	1	1	0.223880597	0.143247352
1	1	3	1	1	0.22556391	0.163768942
1	1	3	1	1	0.227272727	0.163768942
1	1	5	1	1	0.227272727	0.089591943
1	2	1	1	1	0.227272727	0.119281744
1	1	6	1	1	0.227272727	0.143247352
1	1	5	1	1	0.229007634	0.089591943
1	1	6	1	1	0.229007634	0.143247352
1	2	1	1	1	0.229007634	0.119281744
1	1	3	1	1	0.229007634	0.163768942
1	2	1	1	1	0.230769231	0.119281744
1	5	4	1	1	0.230769231	0.074818298
1	2	1	1	1	0.230769231	0.119281744
1	3	7	1	1	0.230769231	0.074818298
1	4	4	1	1	0.230769231	0.074818298
1	4	1	1	1	0.230769231	0.074818298
1	3	1	1	1	0.230769231	0.074818298
1	2	4	1	1	0.230769231	0.074818298
1	4	5	1	1	0.230769231	0.074818298
1	4	4	1	1	0.230769231	0.074818298
1	5	4	1	1	0.230769231	0.074818298
1	5	6	1	1	0.230769231	0.074818298
1	5	4	1	1	0.230769231	0.074818298
1	3	4	1	1	0.230769231	0.074818298
1	3	4	1	1	0.230769231	0.074818298
1	3	1	1	1	0.230769231	0.074818298
1	4	4	1	1	0.230769231	0.074818298
1	5	4	1	1	0.230769231	0.074818298
1	3	4	1	1	0.230769231	0.074818298
1	4	4	1	1	0.230769231	0.074818298
1	4	5	1	1	0.230769231	0.074818298
1	3	4	1	1	0.230769231	0.074818298
1	2	1	1	1	0.230769231	0.119281744
1	3	1	1	1	0.230769231	0.074818298
1	4	1	1	1	0.230769231	0.074818298
1	2	5	1	1	0.230769231	0.074818298
1	3	5	1	1	0.230769231	0.074818298
1	3	7	1	1	0.230769231	0.074818298
1	4	1	1	1	0.230769231	0.074818298
1	5	4	1	1	0.230769231	0.074818298
1	4	4	1	1	0.230769231	0.074818298
1	3	4	1	1	0.230769231	0.074818298
1	3	1	1	1	0.230769231	0.074818298
1	3	4	1	1	0.230769231	0.074818298
1	2	4	1	1	0.230769231	0.059640872
1	1	4	1	1	0.230769231	0.059640872
1	3	1	1	1	0.230769231	0.074818298
1	5	1	1	1	0.230769231	0.074818298
1	4	4	1	1	0.230769231	0.074818298
1	3	5	1	1	0.230769231	0.074818298
1	3	5	1	1	0.230769231	0.074818298
1	3	7	1	1	0.230769231	0.074818298
1	1	3	1	1	0.230769231	0.081884471
1	1	3	1	1	0.230769231	0.081884471
1	1	3	1	1	0.230769231	0.081884471
1	2	1	1	1	0.230769231	0.119281744
1	2	4	1	1	0.230769231	0.119281744
1	2	4	1	1	0.230769231	0.119281744
1	2	4	1	1	0.230769231	0.119281744
1	2	4	1	1	0.230769231	0.119281744
1	1	4	1	1	0.230769231	0.119281744
1	1	4	1	1	0.230769231	0.119281744
1	1	4	1	1	0.230769231	0.119281744
1	1	4	1	1	0.230769231	0.119281744
1	2	4	1	1	0.230769231	0.119281744
1	2	4	1	1	0.230769231	0.119281744
1	2	4	1	1	0.230769231	0.119281744
1	2	4	1	1	0.230769231	0.119281744
1	2	4	1	1	0.230769231	0.119281744
1	1	4	1	1	0.230769231	0.119281744
1	1	4	1	1	0.230769231	0.119281744
1	2	4	1	1	0.230769231	0.119281744
1	2	4	1	1	0.230769231	0.119281744
1	2	4	1	1	0.230769231	0.119281744
1	1	4	1	1	0.230769231	0.119281744
1	2	4	1	1	0.230769231	0.119281744
1	1	4	1	1	0.230769231	0.119281744
1	1	4	1	1	0.230769231	0.119281744
1	1	4	1	1	0.230769231	0.119281744
1	2	4	1	1	0.230769231	0.119281744
1	2	4	1	1	0.230769231	0.119281744
1	2	4	1	1	0.230769231	0.119281744
1	2	4	1	1	0.230769231	0.119281744
1	1	4	1	1	0.230769231	0.119281744
1	1	4	1	1	0.230769231	0.119281744
1	1	4	1	1	0.230769231	0.119281744
1	1	4	1	1	0.230769231	0.119281744
1	2	4	1	1	0.230769231	0.119281744
1	2	4	1	1	0.230769231	0.119281744
1	2	4	1	1	0.230769231	0.119281744
1	1	4	1	1	0.230769231	0.119281744
1	1	4	1	1	0.230769231	0.119281744
1	2	4	1	1	0.230769231	0.119281744
1	2	4	1	1	0.230769231	0.119281744
1	2	4	1	1	0.230769231	0.119281744
1	2	4	1	1	0.230769231	0.119281744
1	2	4	1	1	0.230769231	0.119281744
1	1	4	1	1	0.230769231	0.119281744
1	2	4	1	1	0.230769231	0.119281744
1	1	4	1	1	0.230769231	0.119281744
1	1	4	1	1	0.230769231	0.119281744
1	1	4	1	1	0.230769231	0.119281744
1	1	4	1	1	0.230769231	0.119281744
1	2	4	1	1	0.230769231	0.119281744
1	1	4	1	1	0.230769231	0.119281744
1	2	4	1	1	0.230769231	0.119281744
1	1	4	1	1	0.230769231	0.119281744
1	1	4	1	1	0.230769231	0.119281744
1	2	4	1	1	0.230769231	0.119281744
1	2	4	1	1	0.230769231	0.119281744
1	1	4	1	1	0.230769231	0.119281744
1	1	4	1	1	0.230769231	0.119281744
1	2	4	1	1	0.230769231	0.119281744
1	1	4	1	1	0.230769231	0.119281744
1	1	4	1	1	0.230769231	0.119281744
1	1	4	1	1	0.230769231	0.119281744
1	1	4	1	1	0.230769231	0.119281744
1	1	4	1	1	0.230769231	0.119281744
1	1	4	1	1	0.230769231	0.119281744
1	1	4	1	1	0.230769231	0.119281744
1	2	4	1	1	0.230769231	0.119281744
1	1	4	1	1	0.230769231	0.119281744
1	2	4	1	1	0.230769231	0.119281744
1	1	4	1	1	0.230769231	0.119281744
1	2	4	1	1	0.230769231	0.119281744
1	1	4	2	1	0.230769231	0.119281744
1	1	4	2	1	0.230769231	0.119281744
1	1	4	2	1	0.230769231	0.119281744
1	1	4	2	1	0.230769231	0.119281744
1	2	4	2	1	0.230769231	0.119281744
1	1	4	2	1	0.230769231	0.119281744
1	1	4	2	1	0.230769231	0.119281744
1	1	4	2	1	0.230769231	0.119281744
1	4	4	2	1	0.230769231	0.119281744
1	5	9	2	1	0.230769231	0.119281744
1	5	9	2	1	0.230769231	0.119281744
1	1	3	2	1	0.230769231	0.163768942
1	1	3	2	1	0.230769231	0.163768942
1	1	3	2	1	0.230769231	0.163768942
1	1	3	2	1	0.230769231	0.163768942
1	1	3	2	1	0.230769231	0.163768942
1	1	3	2	1	0.230769231	0.163768942
1	1	3	2	1	0.230769231	0.163768942
1	1	3	2	1	0.230769231	0.163768942
1	1	3	2	1	0.230769231	0.163768942
1	1	3	2	1	0.230769231	0.163768942
1	1	3	2	1	0.230769231	0.163768942
1	1	3	2	1	0.230769231	0.163768942
1	1	3	2	1	0.230769231	0.163768942
1	1	3	2	1	0.230769231	0.163768942
1	1	3	2	1	0.230769231	0.163768942
1	1	3	2	1	0.230769231	0.163768942
1	1	3	2	1	0.230769231	0.163768942
1	1	3	2	1	0.230769231	0.163768942
1	1	3	2	1	0.230769231	0.163768942
1	1	3	2	1	0.230769231	0.163768942
1	1	3	2	1	0.230769231	0.163768942
1	1	3	2	1	0.230769231	0.163768942
1	1	3	2	1	0.230769231	0.163768942
1	1	3	2	1	0.230769231	0.163768942
1	1	3	2	1	0.230769231	0.163768942
1	1	3	2	1	0.230769231	0.163768942
1	1	3	2	1	0.230769231	0.163768942
1	1	3	2	1	0.230769231	0.163768942
1	1	3	2	1	0.230769231	0.163768942
1	1	3	2	1	0.230769231	0.163768942
1	1	3	2	1	0.230769231	0.163768942
1	1	3	2	1	0.230769231	0.163768942
1	1	3	2	1	0.230769231	0.163768942
1	1	3	2	1	0.230769231	0.163768942
1	1	3	2	1	0.230769231	0.163768942
1	1	3	2	1	0.230769231	0.163768942
1	1	3	2	1	0.230769231	0.163768942
1	1	3	2	1	0.230769231	0.163768942
1	1	3	2	1	0.230769231	0.163768942
1	1	3	2	1	0.230769231	0.163768942
1	1	3	2	1	0.230769231	0.163768942
1	1	3	2	1	0.230769231	0.163768942
1	1	3	2	1	0.230769231	0.163768942
1	1	3	2	1	0.230769231	0.163768942
1	1	3	2	1	0.230769231	0.163768942
1	1	3	2	1	0.230769231	0.163768942
1	1	3	2	1	0.230769231	0.163768942
1	1	3	2	1	0.230769231	0.163768942
1	1	3	2	1	0.230769231	0.163768942
1	1	3	2	1	0.230769231	0.163768942
1	1	3	2	1	0.230769231	0.163768942
1	1	3	2	1	0.230769231	0.163768942
1	1	3	2	1	0.230769231	0.163768942
1	1	3	2	1	0.230769231	0.163768942
1	1	3	2	1	0.230769231	0.163768942
1	1	3	2	1	0.230769231	0.163768942
1	1	3	2	1	0.230769231	0.163768942
1	1	3	2	1	0.230769231	0.163768942
1	1	3	2	1	0.230769231	0.163768942
1	1	3	2	1	0.230769231	0.163768942
1	1	3	2	1	0.230769231	0.163768942
1	1	3	2	1	0.230769231	0.163768942
1	1	3	2	1	0.230769231	0.163768942
1	1	3	2	1	0.230769231	0.163768942
1	1	3	2	1	0.230769231	0.163768942
1	1	3	2	1	0.230769231	0.163768942
1	1	3	2	1	0.230769231	0.163768942
1	1	3	2	1	0.230769231	0.206522255
1	2	3	2	1	0.230769231	0.206522255
1	1	3	2	1	0.230769231	0.206522255
1	1	3	2	1	0.230769231	0.206522255
1	2	3	2	1	0.230769231	0.206522255
1	1	3	2	1	0.230769231	0.206522255
1	1	3	2	1	0.230769231	0.206522255
1	1	3	2	1	0.230769231	0.206522255
1	1	3	2	1	0.230769231	0.206522255
1	1	3	2	1	0.230769231	0.206522255
1	1	3	2	1	0.230769231	0.206522255
1	1	3	2	1	0.230769231	0.206522255
1	1	3	2	1	0.230769231	0.206522255
1	1	3	2	1	0.230769231	0.206522255
1	1	3	2	1	0.230769231	0.206522255
1	1	3	2	1	0.230769231	0.206522255
1	1	3	2	1	0.230769231	0.206522255
1	1	3	2	1	0.230769231	0.231105411
1	1	3	2	1	0.230769231	0.231105411
1	1	3	2	1	0.230769231	0.231105411
1	1	3	2	1	0.230769231	0.231105411
1	1	3	2	1	0.230769231	0.231105411
1	1	3	2	1	0.230769231	0.231105411
1	1	3	2	1	0.230769231	0.231105411
1	1	3	2	1	0.230769231	0.231105411
1	2	3	2	1	0.230769231	0.231105411
1	2	3	2	1	0.230769231	0.231105411
1	2	3	2	1	0.230769231	0.231105411
1	2	3	2	1	0.230769231	0.231105411
1	1	3	2	1	0.230769231	0.231105411
1	1	3	2	1	0.230769231	0.231105411
1	1	3	2	1	0.230769231	0.231105411
1	1	3	2	1	0.230769231	0.231105411
1	1	3	2	1	0.230769231	0.231105411
1	1	3	2	1	0.230769231	0.231105411
1	1	3	2	1	0.230769231	0.231105411
1	1	3	2	1	0.230769231	0.231105411
1	1	3	2	1	0.230769231	0.231105411
1	1	3	2	1	0.230769231	0.231105411
1	1	3	2	1	0.230769231	0.231105411
1	1	3	2	1	0.230769231	0.231105411
1	1	3	2	1	0.230769231	0.231105411
1	3	4	2	1	0.230769231	0.074818298
1	4	1	2	1	0.230769231	0.074818298
1	4	1	2	1	0.230769231	0.074818298
1	4	4	2	1	0.230769231	0.074818298
1	4	4	2	1	0.230769231	0.074818298
1	4	5	3	1	0.230769231	0.074818298
1	4	1	3	1	0.230769231	0.074818298
1	3	4	3	1	0.230769231	0.074818298
1	2	4	3	1	0.230769231	0.074818298
1	5	6	3	1	0.230769231	0.074818298
1	4	4	3	1	0.230769231	0.074818298
1	5	6	3	1	0.230769231	0.074818298
1	3	4	3	1	0.230769231	0.074818298
1	3	4	3	1	0.230769231	0.074818298
1	4	6	3	1	0.230769231	0.074818298
1	3	7	3	1	0.230769231	0.074818298
1	4	1	3	1	0.230769231	0.074818298
1	2	1	3	1	0.230769231	0.119281744
1	5	4	3	1	0.230769231	0.074818298
1	3	4	3	1	0.230769231	0.074818298
1	3	7	3	1	0.230769231	0.074818298
1	4	1	3	1	0.230769231	0.074818298
1	3	1	3	1	0.230769231	0.074818298
1	4	4	3	1	0.230769231	0.074818298
1	5	4	3	1	0.230769231	0.074818298
1	3	5	3	1	0.230769231	0.074818298
1	3	6	3	1	0.230769231	0.074818298
1	3	1	3	1	0.230769231	0.074818298
1	3	4	3	1	0.230769231	0.074818298
1	3	1	3	1	0.230769231	0.074818298
1	4	5	3	1	0.230769231	0.074818298
1	2	1	3	1	0.230769231	0.119281744
1	3	1	3	1	0.230769231	0.073250677
1	3	4	3	1	0.230769231	0.074818298
1	3	4	3	1	0.230769231	0.074818298
1	3	5	3	1	0.230769231	0.074818298
1	3	7	3	1	0.230769231	0.074818298
1	3	5	3	1	0.230769231	0.074818298
1	5	4	3	1	0.230769231	0.074818298
1	2	4	3	1	0.230769231	0.074818298
1	3	4	3	1	0.230769231	0.074818298
1	5	4	3	1	0.230769231	0.074818298
1	5	1	3	1	0.230769231	0.074818298
1	4	4	3	1	0.230769231	0.074818298
1	3	5	3	1	0.230769231	0.074818298
1	4	5	3	1	0.230769231	0.074818298
1	2	4	3	1	0.230769231	0.074818298
1	2	1	3	1	0.230769231	0.119281744
1	4	4	3	1	0.230769231	0.074818298
1	3	1	3	1	0.23255814	0.074818298
1	5	4	3	1	0.23255814	0.074818298
1	4	1	3	1	0.23255814	0.074818298
1	5	1	3	1	0.23255814	0.074818298
1	4	1	3	1	0.23255814	0.074818298
1	1	1	3	1	0.23255814	0.119281744
1	1	3	3	1	0.23255814	0.163768942
1	1	3	3	1	0.23255814	0.163768942
1	1	3	3	1	0.23255814	0.163768942
1	1	3	3	1	0.23255814	0.163768942
1	2	3	3	1	0.23255814	0.163768942
1	1	3	3	1	0.23255814	0.163768942
1	1	3	3	1	0.23255814	0.163768942
1	5	6	3	1	0.23255814	0.074818298
1	5	1	3	1	0.23255814	0.074818298
1	2	1	3	1	0.23255814	0.119281744
1	3	1	3	1	0.23255814	0.074818298
1	3	4	3	1	0.23255814	0.074818298
1	4	1	3	1	0.234375	0.074818298
1	2	1	3	1	0.234375	0.119281744
1	1	6	3	1	0.234375	0.143247352
1	4	1	3	1	0.234375	0.074818298
1	1	1	3	1	0.234375	0.119281744
1	1	6	3	1	0.234375	0.143247352
1	5	1	3	1	0.234375	0.074818298
1	5	1	3	1	0.234375	0.074818298
1	1	1	3	1	0.234375	0.119281744
1	2	1	3	1	0.234375	0.119281744
1	3	1	3	1	0.234375	0.119281744
1	1	3	3	1	0.234375	0.163768942
1	1	3	3	1	0.234375	0.163768942
1	1	3	3	1	0.234375	0.163768942
1	1	3	3	1	0.234375	0.163768942
1	1	3	3	1	0.234375	0.163768942
1	2	3	3	1	0.234375	0.163768942
1	1	3	3	1	0.234375	0.163768942
1	1	3	3	1	0.234375	0.163768942
1	1	3	3	1	0.234375	0.163768942
1	1	3	3	1	0.234375	0.163768942
1	4	1	3	1	0.234375	0.074818298
1	5	1	3	1	0.234375	0.074818298
1	4	4	3	1	0.234375	0.074818298
1	4	1	3	1	0.234375	0.074818298
1	4	1	3	1	0.234375	0.074818298
1	3	4	3	1	0.234375	0.074818298
1	4	1	3	1	0.236220472	0.074818298
1	4	1	3	1	0.236220472	0.074818298
1	3	4	3	1	0.236220472	0.074818298
1	4	1	3	1	0.236220472	0.074818298
1	3	4	3	1	0.236220472	0.074818298
1	4	4	3	1	0.236220472	0.074818298
1	4	4	3	1	0.236220472	0.119281744
1	5	1	3	1	0.236220472	0.074818298
1	2	1	3	1	0.236220472	0.119281744
1	2	1	3	1	0.236220472	0.119281744
1	2	1	3	1	0.236220472	0.119281744
1	1	3	3	1	0.236220472	0.163768942
1	1	3	3	1	0.236220472	0.163768942
1	1	3	3	1	0.236220472	0.163768942
1	1	3	3	1	0.236220472	0.163768942
1	1	3	3	1	0.236220472	0.163768942
1	1	3	3	1	0.236220472	0.163768942
1	1	3	3	1	0.236220472	0.163768942
1	1	3	3	1	0.236220472	0.163768942
1	1	3	3	1	0.236220472	0.163768942
1	2	3	3	1	0.236220472	0.163768942
1	1	3	3	1	0.236220472	0.163768942
1	1	3	3	1	0.236220472	0.163768942
1	5	1	3	1	0.236220472	0.074818298
1	3	4	3	1	0.236220472	0.074818298
1	1	1	3	1	0.236220472	0.119281744
1	4	1	3	1	0.236220472	0.074818298
1	2	1	3	1	0.236220472	0.119281744
1	3	1	3	1	0.236220472	0.074818298
1	3	4	3	1	0.236220472	0.074818298
1	4	1	3	1	0.238095238	0.074818298
1	4	4	3	1	0.238095238	0.074818298
1	5	1	3	1	0.238095238	0.074818298
1	3	4	3	1	0.238095238	0.074818298
1	4	1	3	1	0.238095238	0.074818298
1	4	6	3	1	0.238095238	0.074818298
1	4	1	3	1	0.238095238	0.074818298
1	4	1	3	1	0.238095238	0.074818298
1	2	1	3	1	0.238095238	0.119281744
1	3	1	3	1	0.238095238	0.074818298
1	4	4	3	1	0.238095238	0.074818298
1	3	4	3	1	0.238095238	0.074818298
1	1	1	3	1	0.238095238	0.119281744
1	1	1	3	1	0.238095238	0.119281744
1	2	1	3	1	0.238095238	0.119281744
1	3	9	3	1	0.238095238	0.119281744
1	1	3	3	1	0.238095238	0.163768942
1	1	3	3	1	0.238095238	0.163768942
1	1	3	3	1	0.238095238	0.163768942
1	1	3	3	1	0.238095238	0.163768942
1	1	3	3	1	0.238095238	0.163768942
1	1	3	3	1	0.238095238	0.163768942
1	2	3	3	1	0.238095238	0.163768942
1	1	3	3	1	0.238095238	0.163768942
1	1	3	3	1	0.238095238	0.163768942
1	1	3	3	1	0.238095238	0.163768942
1	2	5	3	1	0.238095238	0.089591943
1	2	1	3	1	0.238095238	0.119281744
1	5	1	3	1	0.238095238	0.074818298
1	2	5	3	1	0.238095238	0.089591943
1	2	1	3	1	0.238095238	0.119281744
1	1	1	3	1	0.238095238	0.119281744
1	5	1	3	1	0.238095238	0.074818298
1	2	4	3	1	0.238095238	0.074818298
1	2	5	3	1	0.24	0.054462971
1	2	5	3	1	0.24	0.082347632
1	2	5	3	1	0.24	0.054462971
1	2	5	3	1	0.24	0.082347632
1	5	1	3	1	0.24	0.074818298
1	2	5	3	1	0.24	0.054462971
1	2	5	3	1	0.24	0.054462971
1	3	4	3	1	0.24	0.074818298
1	4	4	3	1	0.24	0.074818298
1	2	5	3	1	0.24	0.054462971
1	1	1	3	1	0.24	0.119281744
1	5	1	3	1	0.24	0.074818298
1	2	5	3	1	0.24	0.054462971
1	2	5	3	1	0.24	0.054462971
1	2	5	3	1	0.24	0.054462971
1	2	5	3	1	0.24	0.054462971
1	4	1	3	1	0.24	0.074818298
1	1	3	3	1	0.24	0.163768942
1	1	3	3	1	0.24	0.163768942
1	1	3	3	1	0.24	0.163768942
1	1	3	3	1	0.24	0.163768942
1	1	3	3	1	0.24	0.163768942
1	1	3	3	1	0.24	0.163768942
1	2	1	3	1	0.24	0.119281744
1	2	5	3	1	0.24	0.082347632
1	2	5	3	1	0.24	0.054462971
1	2	1	3	1	0.24	0.073250677
1	2	5	3	1	0.24	0.082347632
1	2	5	3	1	0.24	0.054462971
1	1	1	3	1	0.24	0.119281744
1	2	5	3	1	0.241935484	0.089591943
1	2	5	3	1	0.243902439	0.089591943
1	1	6	3	1	0.247933884	0.143247352
1	5	4	3	1	0.25	0.119281744
1	1	3	3	1	0.25	0.112508511
1	1	3	3	1	0.25	0.112508511
1	2	7	3	1	0.25	0.150206641
1	3	1	3	1	0.25	0.515319937
1	1	3	3	1	0.25	0.081065033
1	1	3	3	1	0.25	0.081065033
1	2	5	3	1	0.25	0.384661061
1	1	3	3	1	0.25	0.096955014
1	1	3	3	1	0.25	0.096955014
1	2	2	3	1	0.25	0.073986984
1	2	2	3	1	0.25	0.073986984
1	2	2	3	1	0.25	0.259417605
1	1	1	3	1	0.25	0.163198898
1	1	3	3	1	0.25	0.056254256
1	1	3	3	1	0.25	0.056254256
1	3	4	3	1	0.25	0.119281744
1	1	1	3	1	0.25	0.60709705
1	1	3	3	1	0.25	0.112508511
1	1	3	3	1	0.25	0.112508511
1	1	5	3	1	0.25	0.144826849
1	1	3	3	1	0.25	0.082157617
1	1	3	3	1	0.25	0.082157617
1	1	3	3	1	0.25	0.112508511
1	1	3	3	1	0.25	0.112508511
1	1	3	3	1	0.25	0.048477507
1	1	3	3	1	0.25	0.048477507
1	1	3	3	1	0.25	0.029915443
1	1	3	3	1	0.25	0.029915443
1	1	1	3	1	0.25	0.259417605
1	1	3	3	1	0.25	0.112508511
1	1	3	3	1	0.25	0.112508511
1	1	1	3	1	0.25	0.163198898
1	2	2	3	1	0.25	0.073986984
1	1	2	3	1	0.25	0.073986984
1	2	2	3	1	0.25	0.073986984
1	1	2	3	1	0.25	0.073986984
1	1	3	3	1	0.25	0.112508511
1	1	3	3	1	0.25	0.112508511
1	2	5	3	1	0.25	0.384661061
1	1	3	3	1	0.25	0.082157617
1	1	3	3	1	0.25	0.082157617
1	1	3	3	1	0.25	0.059830887
1	1	3	3	1	0.25	0.059830887
1	1	3	3	1	0.25	0.146097573
1	1	3	3	1	0.25	0.146097573
1	1	1	3	1	0.25	0.259417605
1	1	1	3	1	0.25	0.60709705
1	1	3	3	1	0.25	0.059830887
1	1	3	3	1	0.25	0.059830887
1	2	2	3	1	0.25	0.073986984
1	2	2	3	1	0.25	0.073986984
1	1	5	3	1	0.25	0.384661061
1	2	2	3	1	0.25	0.073986984
1	2	2	3	1	0.25	0.073986984
1	1	3	3	1	0.25	0.112508511
1	1	3	3	1	0.25	0.112508511
1	1	3	3	1	0.25	0.096955014
1	1	3	3	1	0.25	0.096955014
1	4	4	3	1	0.25	0.119281744
1	1	5	3	1	0.25	0.384661061
1	2	1	4	1	0.25	0.515319937
1	1	5	4	1	0.25	0.384661061
1	1	3	4	1	0.25	0.056254256
1	1	3	4	1	0.25	0.056254256
1	1	2	4	1	0.25	0.036993492
1	1	2	4	1	0.25	0.036993492
1	1	3	4	1	0.25	0.048477507
1	1	3	4	1	0.25	0.048477507
1	5	4	4	1	0.25	0.119281744
1	5	1	4	1	0.25	0.074818298
1	1	3	4	1	0.25	0.146097573
1	1	3	4	1	0.25	0.146097573
1	2	2	4	1	0.25	0.073986984
1	2	2	4	1	0.25	0.073986984
1	2	2	4	1	0.25	0.073986984
1	2	2	4	1	0.25	0.073986984
1	2	2	4	1	0.25	0.073986984
1	2	2	4	1	0.25	0.073986984
1	1	1	4	1	0.25	0.163198898
1	1	3	4	1	0.25	0.082157617
1	1	3	4	1	0.25	0.082157617
1	1	7	4	1	0.25	0.163198898
1	1	3	4	1	0.25	0.112508511
1	1	3	4	1	0.25	0.112508511
1	1	3	4	1	0.25	0.059830887
1	1	3	4	1	0.25	0.059830887
1	1	3	4	1	0.25	0.059830887
1	1	3	4	1	0.25	0.059830887
1	2	5	4	1	0.25	0.384661061
1	2	5	4	1	0.25	0.384661061
1	2	5	4	1	0.25	0.384661061
1	2	1	4	1	0.25	0.515319937
1	1	3	4	1	0.25	0.059830887
1	1	3	4	1	0.25	0.059830887
1	5	1	4	1	0.25	0.074818298
1	1	3	4	1	0.25	0.082157617
1	1	3	4	1	0.25	0.082157617
1	3	2	4	1	0.25	0.60709705
1	1	3	4	1	0.25	0.059830887
1	1	3	4	1	0.25	0.059830887
1	1	3	4	1	0.25	0.081065033
1	1	3	4	1	0.25	0.081065033
1	1	7	4	1	0.25	0.143247352
1	1	5	4	1	0.25	0.384661061
1	1	5	4	1	0.25	0.384661061
1	1	3	4	1	0.25	0.059830887
1	1	3	4	1	0.25	0.059830887
1	1	5	4	1	0.25	0.384661061
1	2	2	4	1	0.25	0.073986984
1	2	2	4	1	0.25	0.073986984
1	1	1	4	1	0.25	0.259417605
1	2	2	4	1	0.25	0.60709705
1	1	7	4	1	0.25	0.143247352
1	1	3	4	1	0.25	0.059830887
1	1	3	4	1	0.25	0.059830887
1	2	3	4	1	0.25	0.146097573
1	2	3	4	1	0.25	0.146097573
1	2	1	4	1	0.25	0.163198898
1	2	3	4	1	0.25	0.059830887
1	2	3	4	1	0.25	0.059830887
1	1	1	4	1	0.25	0.163198898
1	1	1	4	1	0.25	0.259417605
1	1	3	4	1	0.25	0.059830887
1	1	3	4	1	0.25	0.059830887
1	1	3	4	1	0.25	0.059830887
1	1	3	4	1	0.25	0.059830887
1	2	3	4	1	0.25	0.059830887
1	2	3	4	1	0.25	0.059830887
1	1	1	4	1	0.25	0.259417605
1	1	3	4	1	0.25	0.146097573
1	1	3	4	1	0.25	0.146097573
1	2	5	4	1	0.25	0.192330531
1	2	5	4	1	0.25	0.384661061
1	1	1	4	1	0.25	0.259417605
1	2	3	4	1	0.25	0.059830887
1	2	3	4	1	0.25	0.059830887
1	5	4	4	1	0.25	0.119281744
1	1	7	4	1	0.25	0.143247352
1	1	1	4	1	0.25	0.259417605
1	1	3	4	1	0.25	0.059830887
1	1	3	4	1	0.25	0.059830887
1	1	3	4	1	0.25	0.059830887
1	1	3	4	1	0.25	0.059830887
1	1	1	4	1	0.25	0.259417605
1	2	3	4	1	0.25	0.048477507
1	2	3	4	1	0.25	0.048477507
1	1	3	4	1	0.25	0.059830887
1	1	3	4	1	0.25	0.059830887
1	1	3	4	1	0.25	0.146097573
1	1	3	4	1	0.25	0.146097573
1	1	7	4	1	0.25	0.150206641
1	1	1	4	1	0.25	0.163198898
1	1	5	4	1	0.25	0.384661061
1	1	3	4	1	0.25	0.059830887
1	1	3	4	1	0.25	0.059830887
1	1	3	4	1	0.25	0.059830887
1	1	3	4	1	0.25	0.059830887
1	1	5	4	1	0.25	0.384661061
1	1	3	4	1	0.25	0.082157617
1	1	3	4	1	0.25	0.082157617
1	2	5	4	1	0.25	0.096183079
1	1	1	4	1	0.25	0.259417605
1	1	3	4	1	0.25	0.040532516
1	1	3	4	1	0.25	0.040532516
1	2	3	4	1	0.25	0.081065033
1	2	3	4	1	0.25	0.081065033
1	1	3	4	1	0.25	0.112508511
1	1	3	4	1	0.25	0.112508511
1	1	1	4	1	0.25	0.163198898
1	1	5	4	1	0.25	0.384661061
1	1	3	4	1	0.25	0.059830887
1	1	3	4	1	0.25	0.059830887
1	2	1	4	1	0.25	0.60709705
1	2	3	4	1	0.25	0.059830887
1	2	3	4	1	0.25	0.059830887
1	2	2	4	1	0.25	0.073986984
1	2	2	4	1	0.25	0.073986984
1	1	3	4	1	0.25	0.146097573
1	1	3	4	1	0.25	0.146097573
1	2	2	4	1	0.25	0.259417605
1	1	5	4	1	0.25	0.384661061
1	3	1	4	1	0.25	0.515319937
1	1	3	4	1	0.25	0.059830887
1	1	3	4	1	0.25	0.059830887
1	1	3	5	1	0.25	0.059830887
1	1	3	5	1	0.25	0.059830887
1	1	3	5	1	0.25	0.059830887
1	1	3	5	1	0.25	0.059830887
1	1	3	5	1	0.25	0.059830887
1	1	3	5	1	0.25	0.059830887
1	1	3	5	1	0.25	0.081065033
1	1	3	5	1	0.25	0.081065033
1	1	3	5	1	0.25	0.112508511
1	1	3	5	1	0.25	0.112508511
1	1	3	5	1	0.25	0.059830887
1	1	3	5	1	0.25	0.059830887
1	1	3	5	1	0.25	0.059830887
1	1	3	5	1	0.25	0.059830887
1	1	3	5	1	0.25	0.146097573
1	1	3	5	1	0.25	0.146097573
1	1	5	5	1	0.25	0.384661061
1	1	5	5	1	0.25	0.384661061
1	3	1	5	1	0.25	0.515319937
1	1	3	5	1	0.25	0.059830887
1	1	3	5	1	0.25	0.059830887
1	1	1	5	1	0.25	0.259417605
1	1	3	5	1	0.25	0.146097573
1	1	3	5	1	0.25	0.146097573
1	5	1	5	1	0.25	0.037409149
1	1	2	5	1	0.25	0.073986984
1	1	2	5	1	0.25	0.073986984
1	1	3	5	1	0.25	0.081065033
1	1	3	5	1	0.25	0.081065033
1	1	3	5	1	0.25	0.146097573
1	1	3	5	1	0.25	0.146097573
1	1	3	5	1	0.25	0.029915443
1	1	3	5	1	0.25	0.029915443
1	1	3	5	1	0.25	0.059830887
1	1	3	5	1	0.25	0.059830887
1	1	3	5	1	0.25	0.081065033
1	1	3	5	1	0.25	0.081065033
1	2	7	5	1	0.25	0.150206641
1	3	7	5	1	0.25	0.150206641
1	1	1	5	1	0.25	0.259417605
1	2	2	5	1	0.25	0.073986984
1	1	2	5	1	0.25	0.073986984
1	2	2	5	1	0.25	0.073986984
1	1	2	5	1	0.25	0.073986984
1	4	9	5	1	0.25	0.074818298
1	3	9	5	1	0.25	0.074818298
1	2	3	5	1	0.25	0.146097573
1	1	3	5	1	0.25	0.146097573
1	2	3	5	1	0.25	0.146097573
1	1	3	5	1	0.25	0.146097573
1	2	5	5	1	0.25	0.054462971
1	1	3	5	1	0.25	0.059830887
1	2	3	5	1	0.25	0.059830887
1	1	3	5	1	0.25	0.059830887
1	2	3	5	1	0.25	0.059830887
1	1	2	5	1	0.25	0.073986984
1	1	2	5	1	0.25	0.073986984
1	1	3	5	1	0.25	0.081065033
1	1	3	5	1	0.25	0.081065033
1	1	3	5	1	0.25	0.081065033
1	1	3	5	1	0.25	0.081065033
1	1	3	5	1	0.25	0.112508511
1	1	3	5	1	0.25	0.112508511
1	1	3	5	1	0.25	0.112508511
1	1	3	5	1	0.25	0.112508511
1	2	1	5	1	0.25	0.163198898
1	1	2	5	1	0.25	0.259417605
1	2	2	5	1	0.25	0.259417605
1	1	1	5	1	0.25	0.60709705
1	1	3	5	1	0.25	0.040532516
1	2	3	5	1	0.25	0.040532516
1	1	3	5	1	0.25	0.040532516
1	2	3	5	1	0.25	0.040532516
1	3	1	5	1	0.25	0.047503682
1	3	1	5	1	0.25	0.047503682
1	3	1	5	1	0.25	0.047503682
1	3	1	5	1	0.25	0.047503682
1	1	3	5	1	0.25	0.048477507
1	1	3	5	1	0.25	0.048477507
1	1	3	5	1	0.25	0.048477507
1	1	3	5	1	0.25	0.048477507
1	2	5	5	1	0.25	0.054462971
1	1	5	5	1	0.25	0.054462971
1	2	5	5	1	0.25	0.054462971
1	2	5	5	1	0.25	0.054462971
1	1	3	5	1	0.25	0.056254256
1	1	3	5	1	0.25	0.056254256
1	1	3	5	1	0.25	0.056254256
1	1	3	5	1	0.25	0.056254256
1	1	3	5	1	0.25	0.059830887
1	1	3	5	1	0.25	0.059830887
1	1	3	5	1	0.25	0.059830887
1	1	3	5	1	0.25	0.059830887
1	1	3	5	1	0.25	0.059830887
1	1	3	5	1	0.25	0.059830887
1	1	3	5	1	0.25	0.059830887
1	1	3	5	1	0.25	0.059830887
1	1	3	5	1	0.25	0.059830887
1	1	3	5	1	0.25	0.059830887
1	1	3	5	1	0.25	0.059830887
1	1	3	5	1	0.25	0.059830887
1	1	3	5	1	0.25	0.059830887
1	1	3	5	1	0.25	0.059830887
1	1	3	5	1	0.25	0.059830887
1	1	3	5	1	0.25	0.059830887
1	3	1	5	1	0.25	0.073250677
1	3	1	5	1	0.25	0.073250677
1	1	2	5	1	0.25	0.073986984
1	1	2	5	1	0.25	0.073986984
1	1	2	5	1	0.25	0.073986984
1	1	2	5	1	0.25	0.073986984
1	2	3	5	1	0.25	0.081065033
1	1	3	5	1	0.25	0.081065033
1	2	3	5	1	0.25	0.081065033
1	1	3	5	1	0.25	0.081065033
1	2	3	5	1	0.25	0.081065033
1	1	3	5	1	0.25	0.081065033
1	2	3	5	1	0.25	0.081065033
1	1	3	5	1	0.25	0.081065033
1	1	3	5	1	0.25	0.082157617
1	1	3	5	1	0.25	0.082157617
1	1	3	5	1	0.25	0.082157617
1	1	3	5	1	0.25	0.082157617
1	1	3	5	1	0.25	0.082157617
1	1	3	5	1	0.25	0.082157617
1	2	3	5	1	0.25	0.082157617
1	1	3	5	1	0.25	0.082157617
1	1	3	5	1	0.25	0.082157617
1	1	3	5	1	0.25	0.082157617
1	1	3	5	1	0.25	0.082157617
1	1	3	5	1	0.25	0.082157617
1	1	3	5	1	0.25	0.082157617
1	2	3	5	1	0.25	0.082157617
1	3	1	5	1	0.25	0.095007363
1	3	1	5	1	0.25	0.095007363
1	3	1	5	1	0.25	0.095007363
1	3	1	5	1	0.25	0.095007363
1	4	1	5	1	0.25	0.095007363
1	4	1	5	1	0.25	0.095007363
1	3	1	5	1	0.25	0.095007363
1	3	1	5	1	0.25	0.095007363
1	3	1	5	1	0.25	0.095007363
1	3	1	5	1	0.25	0.095007363
1	3	1	5	1	0.25	0.095007363
1	3	1	5	1	0.25	0.095007363
1	3	1	5	1	0.25	0.095007363
1	3	1	5	1	0.25	0.095007363
1	3	1	5	1	0.25	0.095007363
1	3	1	5	1	0.25	0.095007363
1	3	1	5	1	0.25	0.095007363
1	2	1	5	1	0.25	0.095007363
1	3	1	5	1	0.25	0.095007363
1	3	1	5	1	0.25	0.095007363
1	3	1	5	1	0.25	0.095007363
1	3	1	5	1	0.25	0.095007363
1	3	1	5	1	0.25	0.095007363
1	3	1	5	1	0.25	0.095007363
1	3	1	5	1	0.25	0.095007363
1	2	1	5	1	0.25	0.095007363
1	2	1	5	1	0.25	0.095007363
1	2	1	5	1	0.25	0.095007363
1	3	1	5	1	0.25	0.095007363
1	3	1	5	1	0.25	0.095007363
1	3	1	5	1	0.25	0.095007363
1	3	1	5	1	0.25	0.095007363
1	3	1	5	1	0.25	0.095007363
1	3	1	5	1	0.25	0.095007363
1	3	1	5	1	0.25	0.095007363
1	3	1	5	1	0.25	0.095007363
1	3	1	5	1	0.25	0.095007363
1	3	1	5	1	0.25	0.095007363
1	4	1	5	1	0.25	0.095007363
1	5	1	5	1	0.25	0.095007363
1	4	1	5	1	0.25	0.095007363
1	4	1	5	1	0.25	0.095007363
1	4	1	5	1	0.25	0.095007363
1	5	1	5	1	0.25	0.095007363
1	5	1	5	1	0.25	0.095007363
1	4	1	5	1	0.25	0.095007363
1	4	1	5	1	0.25	0.095007363
1	4	1	5	1	0.25	0.095007363
1	4	1	5	1	0.25	0.095007363
1	5	1	5	1	0.25	0.095007363
1	4	1	5	1	0.25	0.095007363
1	5	1	5	1	0.25	0.095007363
1	4	1	5	1	0.25	0.095007363
1	3	1	5	1	0.25	0.095007363
1	4	1	5	1	0.25	0.095007363
1	4	1	5	1	0.25	0.095007363
1	4	1	5	1	0.25	0.095007363
1	5	1	5	1	0.25	0.095007363
1	4	1	5	1	0.25	0.095007363
1	5	1	5	1	0.25	0.095007363
1	4	1	5	1	0.25	0.095007363
1	2	1	5	1	0.25	0.095007363
1	2	1	5	1	0.25	0.095007363
1	1	3	5	1	0.25	0.096955014
1	1	3	5	1	0.25	0.096955014
1	1	3	5	1	0.25	0.096955014
1	1	3	5	1	0.25	0.096955014
1	1	3	5	1	0.25	0.096955014
1	1	3	5	1	0.25	0.096955014
1	1	3	5	1	0.25	0.096955014
1	1	3	5	1	0.25	0.096955014
1	1	3	5	1	0.25	0.096955014
1	1	3	5	1	0.25	0.096955014
1	1	3	5	1	0.25	0.112508511
1	1	3	5	1	0.25	0.112508511
1	1	3	5	1	0.25	0.112508511
1	1	3	5	1	0.25	0.112508511
1	1	3	5	1	0.25	0.112508511
1	1	3	5	1	0.25	0.112508511
1	1	3	5	1	0.25	0.112508511
1	1	3	5	1	0.25	0.112508511
1	3	4	5	1	0.25	0.119281744
1	1	3	5	1	0.25	0.146097573
1	1	3	5	1	0.25	0.146097573
1	1	3	5	1	0.25	0.146097573
1	1	3	5	1	0.25	0.146097573
1	2	3	5	1	0.25	0.146097573
1	1	3	5	1	0.25	0.146097573
1	1	3	5	1	0.25	0.146097573
1	1	3	5	1	0.25	0.146097573
1	1	3	5	1	0.25	0.146097573
1	1	3	5	1	0.25	0.146097573
1	1	3	5	1	0.25	0.146097573
1	2	3	5	1	0.25	0.146097573
1	1	3	5	1	0.25	0.146097573
1	1	3	5	1	0.25	0.146097573
1	1	1	5	1	0.25	0.163198898
1	2	5	5	1	0.25	0.192330531
1	2	5	5	1	0.25	0.192330531
1	2	5	5	1	0.25	0.198185359
1	2	1	5	1	0.25	0.259417605
1	1	5	5	1	0.25	0.384661061
1	1	5	5	1	0.25	0.384661061
1	1	5	5	1	0.25	0.384661061
1	1	5	5	1	0.25	0.384661061
1	2	5	5	1	0.25	0.384661061
1	1	5	5	1	0.25	0.384661061
1	1	5	5	1	0.25	0.384661061
1	1	5	5	1	0.25	0.384661061
1	1	5	5	1	0.25	0.384661061
1	2	5	5	1	0.25	0.384661061
1	1	5	5	1	0.25	0.384661061
1	1	5	5	1	0.25	0.384661061
1	1	5	5	1	0.25	0.384661061
1	1	5	5	1	0.25	0.384661061
1	2	5	5	1	0.25	0.384661061
1	1	5	5	1	0.25	0.384661061
1	3	1	5	1	0.25	0.515319937
1	2	1	5	1	0.25	0.515319937
1	2	3	5	1	0.25	0.059830887
1	2	3	5	1	0.25	0.059830887
1	1	1	5	1	0.25	0.259417605
1	5	1	5	1	0.25	0.037409149
1	1	3	5	1	0.25	0.081065033
1	1	3	5	1	0.25	0.081065033
1	1	3	5	1	0.25	0.112508511
1	1	3	5	1	0.25	0.112508511
1	1	1	5	1	0.25	0.163198898
1	1	3	5	1	0.25	0.059830887
1	1	3	5	1	0.25	0.059830887
1	2	7	5	1	0.25	0.259417605
1	1	3	5	1	0.25	0.059830887
1	1	3	5	1	0.25	0.059830887
1	2	11	5	1	0.25	0.163198898
1	1	1	5	1	0.25	0.259417605
1	4	1	5	1	0.25	0.037409149
1	5	1	5	1	0.25	0.037409149
1	1	3	5	1	0.25	0.048477507
1	1	3	5	1	0.25	0.048477507
1	1	3	5	1	0.25	0.059830887
1	1	3	5	1	0.25	0.059830887
1	1	2	5	1	0.25	0.073986984
1	1	2	5	1	0.25	0.073986984
1	3	9	5	1	0.25	0.074818298
1	1	3	5	1	0.25	0.082157617
1	1	3	5	1	0.25	0.082157617
1	2	7	5	1	0.25	0.150206641
1	2	2	5	1	0.25	0.259417605
1	5	1	5	1	0.25	0.074818298
1	4	1	5	1	0.25	0.037409149
1	1	3	5	1	0.25	0.112508511
1	1	3	5	1	0.25	0.112508511
1	1	3	5	1	0.25	0.146097573
1	1	3	5	1	0.25	0.146097573
1	1	3	5	1	0.25	0.059830887
1	1	3	5	1	0.25	0.059830887
1	1	3	5	1	0.25	0.146097573
1	1	3	5	1	0.25	0.146097573
1	1	5	5	1	0.25	0.384661061
1	1	3	5	1	0.25	0.112508511
1	1	3	5	1	0.25	0.112508511
1	1	3	5	1	0.25	0.146097573
1	1	3	5	1	0.25	0.146097573
1	1	1	5	1	0.25	0.163198898
1	3	1	5	1	0.25	0.074818298
1	1	3	5	1	0.25	0.048477507
1	1	3	5	1	0.25	0.048477507
1	1	3	5	1	0.25	0.059830887
1	1	3	5	1	0.25	0.059830887
1	1	3	5	1	0.25	0.082157617
1	1	3	5	1	0.25	0.082157617
1	2	3	5	1	0.25	0.112508511
1	2	3	5	1	0.25	0.112508511
1	1	1	5	1	0.25	0.163198898
1	1	1	5	1	0.25	0.259417605
1	1	5	5	1	0.25	0.384661061
1	3	1	5	1	0.25	0.074818298
1	1	3	5	1	0.25	0.059830887
1	1	3	5	1	0.25	0.059830887
1	1	3	5	1	0.25	0.059830887
1	1	3	5	1	0.25	0.059830887
1	2	2	5	1	0.25	0.073986984
1	2	2	5	1	0.25	0.073986984
1	1	3	5	1	0.25	0.082157617
1	1	3	5	1	0.25	0.082157617
1	1	3	5	1	0.25	0.146097573
1	1	3	5	1	0.25	0.146097573
1	1	1	5	1	0.25	0.60709705
1	5	1	5	1	0.25	0.074818298
1	1	3	5	1	0.25	0.082157617
1	1	3	5	1	0.25	0.082157617
1	5	4	5	1	0.25	0.119281744
1	1	1	5	1	0.25	0.163198898
1	1	1	5	1	0.25	0.163198898
1	1	1	5	1	0.25	0.259417605
1	5	1	5	1	0.25	0.037409149
1	1	3	5	1	0.25	0.059830887
1	1	3	5	1	0.25	0.059830887
1	1	3	5	1	0.25	0.059830887
1	1	3	5	1	0.25	0.059830887
1	1	7	5	1	0.25	0.143247352
1	1	3	5	1	0.25	0.059830887
1	2	3	5	1	0.25	0.059830887
1	1	3	5	1	0.25	0.059830887
1	2	3	5	1	0.25	0.059830887
1	3	1	5	1	0.25	0.073250677
1	1	3	5	1	0.25	0.082157617
1	1	3	5	1	0.25	0.082157617
1	1	7	5	1	0.25	0.150206641
1	1	1	5	1	0.25	0.259417605
1	2	5	5	1	0.25	0.384661061
1	3	1	5	1	0.25	0.515319937
1	1	3	5	1	0.25	0.082157617
1	1	3	5	1	0.25	0.082157617
1	5	4	5	1	0.25	0.119281744
1	1	3	5	1	0.25	0.146097573
1	1	3	5	1	0.25	0.146097573
1	2	5	5	1	0.25	0.384661061
1	1	3	5	1	0.25	0.059830887
1	1	3	5	1	0.25	0.059830887
1	1	3	5	1	0.25	0.081065033
1	1	3	5	1	0.25	0.081065033
1	1	3	5	1	0.25	0.082157617
1	1	3	5	1	0.25	0.082157617
1	1	3	5	1	0.25	0.146097573
1	1	3	5	1	0.25	0.146097573
1	1	1	5	1	0.25	0.259417605
1	2	2	5	1	0.25	0.073986984
1	2	2	5	1	0.25	0.073986984
1	1	3	5	1	0.25	0.082157617
1	1	3	5	1	0.25	0.082157617
1	1	5	5	1	0.25	0.384661061
1	1	5	5	1	0.25	0.384661061
1	2	5	5	1	0.25	0.384661061
1	1	7	5	1	0.25	0.150206641
1	1	3	5	1	0.25	0.059830887
1	1	3	5	1	0.25	0.059830887
1	1	3	5	1	0.25	0.059830887
1	1	3	5	1	0.25	0.059830887
1	1	3	5	1	0.25	0.059830887
1	1	3	5	1	0.25	0.059830887
1	2	2	5	1	0.25	0.073986984
1	2	2	5	1	0.25	0.073986984
1	1	3	5	1	0.25	0.082157617
1	1	3	5	1	0.25	0.082157617
1	1	3	5	1	0.25	0.112508511
1	1	3	5	1	0.25	0.112508511
1	2	1	5	1	0.25	0.163198898
1	1	3	5	1	0.25	0.059830887
1	1	3	5	1	0.25	0.059830887
1	1	3	5	1	0.25	0.059830887
1	1	3	5	1	0.25	0.059830887
1	1	3	5	1	0.25	0.059830887
1	1	3	5	1	0.25	0.059830887
1	1	3	5	1	0.25	0.146097573
1	2	3	5	1	0.25	0.146097573
1	1	3	5	1	0.25	0.146097573
1	2	3	5	1	0.25	0.146097573
1	2	3	5	1	0.25	0.059830887
1	2	3	5	1	0.25	0.059830887
1	2	1	5	1	0.25	0.163198898
1	2	5	5	1	0.25	0.384661061
1	1	3	5	1	0.25	0.029915443
1	1	3	5	1	0.25	0.029915443
1	1	3	5	1	0.25	0.146097573
1	1	3	5	1	0.25	0.146097573
1	1	1	5	1	0.25	0.163198898
1	1	1	5	1	0.25	0.259417605
1	1	3	5	1	0.25	0.146097573
1	2	3	5	1	0.25	0.146097573
1	1	3	5	1	0.25	0.146097573
1	2	3	5	1	0.25	0.146097573
1	1	3	5	1	0.25	0.082157617
1	1	3	5	1	0.25	0.082157617
1	2	5	5	1	0.25	0.096183079
1	1	3	5	1	0.25	0.112508511
1	1	3	5	1	0.25	0.112508511
1	2	3	5	1	0.25	0.146097573
1	2	3	5	1	0.25	0.146097573
1	1	1	5	1	0.25	0.60709705
1	1	3	5	1	0.25	0.112508511
1	1	3	5	1	0.25	0.112508511
1	1	3	5	1	0.25	0.059830887
1	1	3	5	1	0.25	0.059830887
1	1	3	5	1	0.25	0.081065033
1	1	3	5	1	0.25	0.081065033
1	1	1	5	1	0.25	0.163198898
1	2	2	5	1	0.25	0.073986984
1	1	2	5	1	0.25	0.073986984
1	2	2	5	1	0.25	0.073986984
1	1	2	5	1	0.25	0.073986984
1	1	3	5	1	0.25	0.081065033
1	1	3	5	1	0.25	0.081065033
1	2	7	5	1	0.25	0.259417605
1	1	5	5	1	0.25	0.384661061
1	2	2	5	1	0.25	0.259417605
1	1	3	5	1	0.25	0.059830887
1	1	3	5	1	0.25	0.059830887
1	1	3	5	1	0.25	0.059830887
1	1	3	5	1	0.25	0.059830887
1	1	3	5	1	0.25	0.112508511
1	1	3	5	1	0.25	0.112508511
1	2	2	5	1	0.25	0.036993492
1	2	2	5	1	0.25	0.036993492
1	1	3	5	1	0.25	0.112508511
1	1	3	5	1	0.25	0.112508511
1	2	7	5	1	0.25	0.150206641
1	1	2	5	1	0.25	0.036993492
1	1	2	5	1	0.25	0.036993492
1	2	3	5	1	0.25	0.059830887
1	2	3	5	1	0.25	0.059830887
1	1	3	5	1	0.25	0.146097573
1	1	3	5	1	0.25	0.146097573
1	2	5	5	1	0.25	0.384661061
1	2	3	5	1	0.25	0.112508511
1	2	3	5	1	0.25	0.112508511
1	1	3	5	1	0.25	0.146097573
1	1	3	5	1	0.25	0.146097573
1	2	7	5	1	0.25	0.150206641
1	1	1	5	1	0.25	0.259417605
1	1	3	5	1	0.25	0.112508511
1	1	3	5	1	0.25	0.112508511
1	1	1	5	1	0.25	0.163198898
1	1	3	5	1	0.25	0.082157617
1	1	3	5	1	0.25	0.082157617
1	1	1	5	1	0.25	0.163198898
1	1	1	5	1	0.25	0.259417605
1	1	3	5	1	0.25	0.082157617
1	1	3	5	1	0.25	0.082157617
1	2	3	5	1	0.25	0.146097573
1	2	3	5	1	0.25	0.146097573
1	2	5	5	1	0.25	0.144826849
1	1	1	5	1	0.25	0.163198898
1	1	1	5	1	0.25	0.259417605
1	1	3	5	1	0.25	0.059830887
1	1	3	5	1	0.25	0.059830887
1	2	5	5	1	0.25	0.384661061
1	2	1	5	1	0.25	0.515319937
1	1	3	5	1	0.25	0.059830887
1	1	3	5	1	0.25	0.059830887
1	1	1	5	1	0.25	0.163198898
1	1	3	5	1	0.25	0.059830887
1	1	3	5	1	0.25	0.059830887
1	2	2	5	1	0.25	0.073986984
1	2	2	5	1	0.25	0.073986984
1	2	1	5	1	0.25	0.163198898
1	1	3	5	1	0.25	0.146097573
1	1	3	5	1	0.25	0.146097573
1	4	1	5	1	0.25	0.074818298
1	1	3	5	1	0.25	0.112508511
1	1	3	5	1	0.25	0.112508511
1	1	7	5	1	0.25	0.143247352
1	1	5	5	1	0.25	0.384661061
1	1	2	5	1	0.25	0.073986984
1	1	2	5	1	0.25	0.073986984
1	1	3	5	1	0.25	0.059830887
1	1	3	5	1	0.25	0.059830887
1	2	3	5	1	0.25	0.059830887
1	2	3	5	1	0.25	0.059830887
1	5	1	5	1	0.25	0.074818298
1	2	2	5	1	0.25	0.073986984
1	2	2	5	1	0.25	0.073986984
1	1	3	5	1	0.25	0.029915443
1	1	3	5	1	0.25	0.029915443
1	2	5	5	1	0.25	0.144826849
1	1	5	5	1	0.25	0.384661061
1	2	5	5	1	0.25	0.192366158
1	5	4	5	1	0.25	0.119281744
1	2	7	5	1	0.25	0.259417605
1	3	4	5	1	0.25	0.119281744
1	1	3	5	1	0.25	0.059830887
1	1	3	5	1	0.25	0.059830887
1	1	1	5	1	0.25	0.259417605
1	1	3	5	1	0.25	0.056254256
1	1	3	5	1	0.25	0.056254256
1	1	3	5	1	0.25	0.059830887
1	1	3	5	1	0.25	0.059830887
1	1	5	5	1	0.25	0.384661061
1	1	7	5	1	0.25	0.150206641
1	1	5	5	1	0.25	0.384661061
1	3	1	5	1	0.25	0.515319937
1	1	3	5	1	0.25	0.059830887
1	1	3	5	1	0.25	0.059830887
1	1	3	5	1	0.25	0.059830887
1	1	3	5	1	0.25	0.059830887
1	1	3	5	1	0.25	0.059830887
1	1	3	5	1	0.25	0.059830887
1	1	1	5	1	0.25	0.163198898
1	2	5	5	1	0.254237288	0.089591943
1	2	5	5	1	0.25862069	0.089591943
1	2	5	5	1	0.25862069	0.089591943
1	2	5	5	1	0.25862069	0.089591943
1	2	1	5	1	0.260869565	0.073250677
1	1	5	5	1	0.263157895	0.089591943
1	2	5	5	1	0.265486726	0.089591943
1	1	6	5	1	0.267857143	0.143247352
1	2	5	5	1	0.272727273	0.054462971
1	2	5	6	1	0.272727273	0.054462971
1	1	5	6	1	0.272727273	0.054462971
1	2	5	6	1	0.272727273	0.054462971
1	2	1	6	1	0.272727273	0.073250677
1	2	1	6	1	0.272727273	0.073250677
1	3	1	6	1	0.272727273	0.073250677
1	2	5	6	1	0.272727273	0.054462971
1	2	5	6	1	0.272727273	0.054462971
1	2	1	6	1	0.272727273	0.073250677
1	2	5	6	1	0.272727273	0.054462971
1	2	5	6	1	0.272727273	0.054462971
1	2	1	6	1	0.272727273	0.073250677
1	2	5	6	1	0.272727273	0.054462971
1	2	5	6	1	0.272727273	0.054462971
1	1	3	6	1	0.272727273	0.112508511
1	1	3	6	1	0.272727273	0.112508511
1	3	1	6	1	0.272727273	0.073250677
1	2	5	6	1	0.272727273	0.054462971
1	2	1	6	1	0.272727273	0.073250677
1	2	1	6	1	0.272727273	0.073250677
1	2	5	6	1	0.272727273	0.054462971
1	1	3	6	1	0.272727273	0.112508511
1	1	3	6	1	0.272727273	0.112508511
1	2	1	6	1	0.272727273	0.073250677
1	2	5	6	1	0.272727273	0.054462971
1	2	5	6	1	0.272727273	0.089591943
1	3	1	6	1	0.272727273	0.073250677
1	2	5	6	1	0.272727273	0.054462971
1	2	1	6	1	0.272727273	0.073250677
1	2	5	6	1	0.272727273	0.054462971
1	2	5	6	1	0.272727273	0.054462971
1	2	5	6	1	0.272727273	0.054462971
1	2	5	6	1	0.272727273	0.054462971
1	3	1	6	1	0.272727273	0.073250677
1	2	5	6	1	0.272727273	0.054462971
1	2	5	6	1	0.272727273	0.054462971
1	2	5	6	1	0.272727273	0.054462971
1	2	5	6	1	0.272727273	0.054462971
1	2	1	6	1	0.272727273	0.073250677
1	2	5	6	1	0.272727273	0.054462971
1	2	1	6	1	0.272727273	0.073250677
1	2	5	6	1	0.272727273	0.054462971
1	2	5	6	1	0.272727273	0.054462971
1	1	3	6	1	0.272727273	0.112508511
1	1	3	6	1	0.272727273	0.112508511
1	2	5	6	1	0.272727273	0.054462971
1	2	1	6	1	0.272727273	0.073250677
1	3	1	6	1	0.272727273	0.073250677
1	2	5	6	1	0.272727273	0.054462971
1	2	5	6	1	0.275229358	0.089591943
1	2	5	6	1	0.280373832	0.089591943
1	2	5	6	1	0.288461538	0.089591943
1	2	5	6	1	0.288461538	0.089591943
1	2	5	6	1	0.297029703	0.089591943
1	4	3	6	1	0.3	0.074818298
1	3	2	6	1	0.3	0.074818298
1	1	1	6	1	0.3	0.04567479
1	5	3	6	1	0.3	0.074818298
1	1	1	6	1	0.3	0.303548525
1	5	3	6	1	0.3	0.074818298
1	3	2	6	1	0.3	0.074818298
1	3	2	6	1	0.3	0.074818298
1	1	1	6	1	0.3	0.303548525
1	3	9	6	1	0.3	0.074818298
1	3	9	6	1	0.3	0.074818298
1	3	3	6	1	0.3	0.074818298
1	3	3	6	1	0.3	0.074818298
1	4	7	6	1	0.3	0.074818298
1	3	1	6	1	0.3	0.073250677
1	1	7	6	1	0.3	0.143247352
1	1	3	6	1	0.3	0.074818298
1	3	2	6	1	0.3	0.074818298
1	5	9	6	1	0.3	0.074818298
1	1	1	6	1	0.3	0.303548525
1	4	8	6	1	0.3	0.074818298
1	5	3	6	1	0.3	0.074818298
1	1	3	6	1	0.3	0.074818298
1	4	3	6	1	0.3	0.074818298
1	3	1	6	1	0.3	0.073250677
1	1	1	6	1	0.3	0.04567479
1	2	2	6	1	0.3	0.074818298
1	1	1	6	1	0.3	0.163198898
1	4	8	6	1	0.3	0.074818298
1	2	5	6	1	0.3	0.082347632
1	2	5	6	1	0.3	0.089591943
1	3	7	6	1	0.3	0.074818298
1	3	1	6	1	0.3	0.073250677
1	3	3	6	1	0.3	0.074818298
1	3	2	6	1	0.3	0.074818298
1	3	9	6	1	0.3	0.074818298
1	2	1	6	1	0.3	0.084746568
1	2	2	6	1	0.3	0.074818298
1	3	9	6	1	0.3	0.074818298
1	2	2	6	1	0.3	0.074818298
1	3	1	6	1	0.3	0.073250677
1	1	1	6	1	0.3	0.163198898
1	2	5	6	1	0.3	0.054462971
1	2	2	6	1	0.3	0.074818298
1	4	8	6	1	0.3	0.074818298
1	3	3	6	1	0.3	0.074818298
1	5	3	6	1	0.3	0.074818298
1	1	1	6	1	0.3	0.04567479
1	1	1	6	1	0.3	0.04567479
1	1	1	6	1	0.3	0.04567479
1	4	3	6	1	0.3	0.074818298
1	3	3	6	1	0.3	0.074818298
1	3	3	6	1	0.3	0.074818298
1	3	3	6	1	0.3	0.074818298
1	3	3	6	1	0.3	0.074818298
1	4	3	6	1	0.3	0.074818298
1	4	3	6	1	0.3	0.074818298
1	3	3	6	1	0.3	0.074818298
1	4	4	6	1	0.3	0.074818298
1	3	4	6	1	0.3	0.074818298
1	2	4	6	1	0.3	0.074818298
1	2	4	6	1	0.3	0.074818298
1	2	4	6	1	0.3	0.074818298
1	2	4	6	1	0.3	0.074818298
1	2	4	6	1	0.3	0.074818298
1	2	4	6	1	0.3	0.074818298
1	4	8	6	1	0.3	0.074818298
1	4	8	6	1	0.3	0.074818298
1	3	9	6	1	0.3	0.074818298
1	4	9	6	1	0.3	0.074818298
1	3	9	6	1	0.3	0.074818298
1	3	9	6	1	0.3	0.074818298
1	2	5	6	1	0.3	0.082347632
1	2	2	6	1	0.3	0.074818298
1	4	3	6	1	0.3	0.074818298
1	5	8	6	1	0.3	0.074818298
1	5	2	6	1	0.3	0.074818298
1	4	3	6	1	0.3	0.074818298
1	1	7	6	1	0.3	0.143247352
1	5	3	6	1	0.3	0.074818298
1	4	3	6	1	0.3	0.074818298
1	2	1	6	1	0.3	0.073250677
1	1	1	6	1	0.3	0.163198898
1	1	1	6	1	0.3	0.303548525
1	3	1	6	1	0.3	0.073250677
1	2	5	6	1	0.3	0.082347632
1	1	1	6	1	0.3	0.303548525
1	3	3	6	1	0.3	0.074818298
1	1	1	6	1	0.3	0.04567479
1	3	1	6	1	0.3	0.073250677
1	4	8	6	1	0.3	0.074818298
1	4	3	6	1	0.3	0.074818298
1	4	3	6	1	0.3	0.074818298
1	4	3	6	1	0.3	0.074818298
1	3	9	6	1	0.3	0.074818298
1	4	3	6	1	0.3	0.074818298
1	4	8	6	1	0.3	0.074818298
1	3	1	6	1	0.3	0.073250677
1	3	3	6	1	0.3	0.074818298
1	4	2	6	1	0.3	0.074818298
1	1	1	6	1	0.3	0.303548525
1	3	1	6	1	0.3	0.073250677
1	2	5	6	1	0.3	0.191131063
1	1	1	6	1	0.3	0.303548525
1	3	9	6	1	0.3	0.074818298
1	2	3	6	1	0.3	0.074818298
1	4	3	6	1	0.3	0.074818298
1	3	3	6	1	0.3	0.074818298
1	3	1	6	1	0.3	0.073250677
1	1	1	6	1	0.3	0.303548525
1	2	5	6	1	0.303030303	0.089591943
1	2	5	6	1	0.303030303	0.089591943
1	2	5	6	1	0.306122449	0.089591943
1	2	5	6	1	0.306122449	0.089591943
1	2	5	6	1	0.309278351	0.089591943
1	2	1	6	1	0.315789474	0.073250677
1	2	5	6	1	0.315789474	0.082347632
1	2	5	6	1	0.315789474	0.054462971
1	2	5	6	1	0.315789474	0.054462971
1	2	5	6	1	0.315789474	0.082347632
1	2	5	6	1	0.315789474	0.089591943
1	2	5	6	1	0.315789474	0.082347632
1	2	5	6	1	0.315789474	0.082347632
1	2	5	6	1	0.315789474	0.082347632
1	2	5	6	1	0.315789474	0.082347632
1	2	5	6	1	0.315789474	0.082347632
1	2	5	6	1	0.322580645	0.089591943
1	2	5	6	1	0.32967033	0.089591943
1	4	8	6	1	0.333333333	0.074818298
1	2	3	6	1	0.333333333	0.081065033
1	2	3	6	1	0.333333333	0.081065033
1	2	3	6	1	0.333333333	0.081065033
1	2	3	6	1	0.333333333	0.081065033
1	5	8	6	1	0.333333333	0.074818298
1	1	5	6	1	0.344827586	0.191131063
1	2	5	6	1	0.344827586	0.191131063
1	2	5	6	1	0.348837209	0.191131063
1	2	5	6	1	0.375	0.053584153
1	2	5	6	1	0.375	0.053584153
1	2	5	6	1	0.375	0.053584153
1	2	5	6	1	0.375	0.053584153
1	2	5	6	1	0.375	0.053584153
1	2	5	6	1	0.375	0.053584153
1	1	5	6	1	0.375	0.053584153
1	2	5	6	1	0.375	0.053584153
1	2	5	6	1	0.375	0.053584153
1	2	5	6	1	0.375	0.053584153
1	2	5	6	1	0.375	0.053584153
1	2	5	6	1	0.375	0.053584153
1	2	5	6	1	0.375	0.053584153
1	2	5	6	1	0.375	0.053584153
1	2	5	6	1	0.375	0.053584153
1	2	5	6	1	0.375	0.053584153
1	3	1	6	1	0.375	0.163198898
1	2	5	6	1	0.375	0.214289107
1	3	4	6	1	0.375	0.074818298
1	2	4	6	1	0.375	0.074818298
1	3	4	6	1	0.375	0.191083559
1	5	4	6	1	0.375	0.191083559
1	4	5	6	1	0.375	0.191083559
1	4	5	6	1	0.375	0.191083559
1	5	5	6	1	0.375	0.191083559
1	4	6	6	1	0.375	0.191083559
1	2	6	6	1	0.375	0.191083559
1	3	6	6	1	0.375	0.191083559
1	5	7	6	1	0.375	0.191083559
1	4	7	6	1	0.375	0.191083559
1	4	7	6	1	0.375	0.191083559
1	2	5	6	1	0.375	0.214289107
1	5	4	6	1	0.375	0.5
1	5	6	6	1	0.375	0.5
1	2	1	6	1	0.375	0.163198898
1	1	1	6	1	0.428571429	0.09134958
1	3	7	6	1	0.428571429	0.074818298
1	1	1	6	1	0.428571429	0.09134958
1	3	7	6	1	0.428571429	0.074818298
1	2	1	6	1	0.428571429	0.073250677
1	2	1	6	1	0.428571429	0.073250677
1	3	1	6	1	0.428571429	0.073250677
1	3	1	6	1	0.428571429	1
1	3	1	6	1	0.428571429	1
1	3	1	6	1	0.428571429	1
1	3	1	6	1	0.428571429	1
1	3	1	6	1	0.428571429	1
1	3	1	6	1	0.428571429	1
1	2	1	6	1	0.428571429	1
1	2	1	6	1	0.428571429	1
1	1	1	6	1	0.428571429	1
1	3	1	6	1	0.428571429	1
1	4	1	6	1	0.428571429	1
1	4	2	6	1	0.428571429	1
1	3	2	6	1	0.428571429	1
1	3	2	6	1	0.428571429	1
1	2	2	6	1	0.428571429	1
1	4	2	6	1	0.428571429	1
1	5	10	6	1	0.428571429	1
1	4	11	6	1	0.428571429	1
1	5	11	6	1	0.428571429	1
1	4	11	6	1	0.428571429	1
1	3	11	6	1	0.428571429	1
1	1	1	6	1	0.428571429	0.09134958
1	4	1	6	1	0.428571429	1
1	2	1	6	1	0.428571429	1
1	2	1	6	1	0.428571429	1
1	2	7	6	1	0.428571429	0.074818298
1	2	7	6	1	0.428571429	0.074818298
1	2	1	6	1	0.428571429	0.09134958
1	2	1	6	1	0.428571429	1
1	2	7	6	1	0.428571429	0.074818298
1	1	1	6	1	0.428571429	0.09134958
1	2	1	6	1	0.428571429	0.09134958
1	3	1	6	1	0.428571429	1
1	1	3	6	1	0.5	0.057325068
1	1	3	6	1	0.5	0.057325068
1	1	3	6	1	0.5	0.057325068
1	1	3	6	1	0.5	0.057325068
1	1	3	6	1	0.5	0.057325068
1	1	3	6	1	0.5	0.057325068
1	1	3	6	1	0.5	0.057325068
1	1	3	6	1	0.5	0.057325068
1	1	3	6	1	0.5	0.057325068
1	1	3	6	1	0.5	0.057325068
1	1	3	6	1	0.5	0.057325068
1	1	3	6	1	0.5	0.057325068
1	1	3	6	1	0.5	0.057325068
1	1	3	6	1	0.5	0.057325068
1	1	3	6	1	0.5	0.057325068
1	1	3	6	1	0.5	0.057325068
1	1	3	6	1	0.5	0.057325068
1	1	3	6	1	0.5	0.057325068
1	1	3	6	1	0.5	0.057325068
1	1	3	6	1	0.5	0.057325068
1	1	3	6	1	0.5	0.057325068
1	1	3	6	1	0.5	0.057325068
1	1	3	6	1	0.5	0.057325068
1	1	3	6	1	0.5	0.057325068
1	1	3	6	1	0.5	0.057325068
1	1	3	6	1	0.5	0.114650135
1	1	3	6	1	0.5	0.114650135
1	1	3	6	1	0.5	0.114650135
1	2	1	6	1	0.5	0.073250677
1	2	1	6	1	0.5	0.073250677
1	3	1	6	1	0.5	0.073250677
1	2	1	6	1	0.545454545	0.073250677
1	2	1	6	1	0.545454545	0.073250677
1	3	1	6	1	0.545454545	0.073250677
1	2	1	6	1	0.545454545	0.073250677
1	3	1	6	1	0.545454545	0.036625338
1	2	1	6	1	0.545454545	0.073250677
1	2	1	6	1	0.545454545	0.073250677
1	3	1	6	1	0.545454545	0.073250677
1	2	2	6	1	0.545454545	0.073250677
1	2	1	6	1	0.545454545	0.073250677
1	3	1	6	1	0.545454545	0.073250677
1	2	2	6	1	0.545454545	0.073250677
1	3	2	6	1	0.545454545	0.073250677
1	1	5	6	1	0.6	0.226117524
1	2	2	6	1	0.6	0.059949646
1	1	5	6	1	0.6	0.143793644
1	1	5	6	1	0.6	0.226117524
1	3	1	6	1	0.6	0.073250677
1	1	5	6	1	0.6	0.226117524
1	2	1	6	1	0.6	0.073250677
1	1	1	6	1	0.6	0.143793644
1	3	1	6	1	0.6	0.073250677
1	2	5	6	1	0.6	0.226117524
1	3	2	6	1	0.6	0.059949646
1	1	5	6	1	0.6	0.226117524
1	1	5	6	1	0.6	0.226117524
1	2	1	6	1	0.6	0.066813928
1	2	2	6	1	0.6	0.059949646
1	3	1	6	1	0.6	0.073250677
1	1	5	6	1	0.6	0.226117524
1	2	2	6	1	0.6	0.059949646
1	2	1	6	1	0.6	0.066813928
1	2	1	6	1	0.6	0.073250677
1	1	5	6	1	0.6	0.226117524
1	2	2	6	1	0.6	0.059949646
1	2	1	6	1	0.6	0.073250677
1	1	5	6	1	0.6	0.226117524
1	3	1	6	1	0.6	0.073250677
1	2	5	6	1	0.6	0.226117524
1	2	2	6	1	0.6	0.059949646
1	2	1	6	1	0.6	0.073250677
1	1	5	6	1	0.6	0.226117524
1	2	2	6	1	0.6	0.059949646
1	2	2	6	1	0.6	0.059949646
1	3	1	6	1	0.6	0.073250677
1	1	5	6	1	0.6	0.226117524
1	2	1	6	1	0.6	0.066813928
1	1	2	6	1	0.6	0.059949646
1	2	2	6	1	0.6	0.059949646
1	2	1	6	1	0.6	0.073250677
1	2	5	6	1	0.6	0.118379174
1	2	5	6	1	0.6	0.226117524
1	1	2	6	1	0.6	0.059949646
1	3	1	6	1	0.6	0.073250677
1	1	5	6	1	0.6	0.226117524
1	2	2	6	1	0.6	0.059949646
1	1	5	6	1	0.6	0.143793644
1	2	1	6	1	0.6	0.066813928
1	1	5	6	1	0.6	0.113058762
1	2	2	6	1	0.6	0.059949646
1	3	2	6	1	0.6	0.073250677
1	1	5	6	1	0.6	0.236758349
1	2	2	6	1	0.6	0.059949646
1	2	2	6	1	0.6	0.059949646
1	2	1	6	1	0.6	0.036625338
1	2	1	6	1	0.6	0.073250677
1	4	1	6	1	0.6	0.073250677
1	2	1	6	1	0.6	0.073250677
1	3	1	6	1	0.6	0.073250677
1	1	5	6	1	0.6	0.113058762
1	1	5	6	1	0.6	0.226117524
1	1	5	6	1	0.6	0.226117524
1	2	5	6	1	0.6	0.226117524
1	1	5	7	1	0.6	0.236758349
1	3	1	7	1	0.6	0.059949646
1	2	2	7	1	0.6	0.059949646
1	2	1	7	1	0.6	0.066813928
1	1	5	7	1	0.6	0.226117524
1	2	1	7	1	0.6	0.073250677
1	1	5	7	1	0.6	0.226117524
1	3	2	7	1	0.6	0.059949646
1	2	2	7	1	0.6	0.059949646
1	2	2	7	1	0.6	0.059949646
1	2	2	7	1	0.6	0.059949646
1	2	2	7	1	0.6	0.059949646
1	2	2	7	1	0.6	0.059949646
1	2	1	7	1	0.6	0.073250677
1	2	1	7	1	0.6	0.073250677
1	1	5	7	1	0.6	0.226117524
1	1	5	7	1	0.6	0.226117524
1	1	3	7	1	0.6	0.031043656
1	1	3	7	1	0.6	0.031043656
1	1	3	7	1	0.6	0.031043656
1	1	3	7	1	0.6	0.031043656
1	1	3	7	1	0.6	0.031043656
1	1	3	7	1	0.6	0.031043656
1	1	3	7	1	0.6	0.031043656
1	1	3	7	1	0.6	0.031043656
1	1	3	7	1	0.6	0.031043656
1	1	3	7	1	0.6	0.031043656
1	1	3	7	1	0.6	0.031043656
1	1	3	7	1	0.6	0.031043656
1	1	3	7	1	0.6	0.031043656
1	1	3	7	1	0.6	0.031043656
1	1	3	7	1	0.6	0.031043656
1	1	3	7	1	0.6	0.031043656
1	1	3	7	1	0.6	0.031043656
1	1	3	7	1	0.6	0.031043656
1	1	3	7	1	0.6	0.031043656
1	1	3	7	1	0.6	0.031043656
1	1	3	7	1	0.6	0.031043656
1	1	3	7	1	0.6	0.031043656
1	1	3	7	1	0.6	0.031043656
1	1	3	7	1	0.6	0.031043656
1	1	3	7	1	0.6	0.031043656
1	1	3	7	1	0.6	0.031043656
1	1	3	7	1	0.6	0.031043656
1	1	3	7	1	0.6	0.031043656
1	1	3	7	1	0.6	0.031043656
1	1	3	7	1	0.6	0.031043656
1	1	3	7	1	0.6	0.031043656
1	1	3	7	1	0.6	0.031043656
1	1	3	7	1	0.6	0.031043656
1	1	3	7	1	0.6	0.031043656
1	1	3	7	1	0.6	0.031043656
1	1	3	7	1	0.6	0.031043656
1	1	3	7	1	0.6	0.031043656
1	1	3	7	1	0.6	0.031043656
1	1	3	7	1	0.6	0.031043656
1	1	3	7	1	0.6	0.031043656
1	1	3	7	1	0.6	0.031043656
1	1	3	7	1	0.6	0.031043656
1	1	3	7	1	0.6	0.031043656
1	1	3	7	1	0.6	0.031043656
1	1	3	7	1	0.6	0.031043656
1	1	3	7	1	0.6	0.031043656
1	1	3	7	1	0.6	0.031043656
1	1	3	7	1	0.6	0.031043656
1	1	3	7	1	0.6	0.031043656
1	1	3	7	1	0.6	0.031043656
1	1	3	7	1	0.6	0.031043656
1	1	3	7	1	0.6	0.031043656
1	1	3	7	1	0.6	0.031043656
1	1	3	7	1	0.6	0.031043656
1	1	3	7	1	0.6	0.031043656
1	1	3	7	1	0.6	0.031043656
1	1	3	7	1	0.6	0.031043656
1	1	3	7	1	0.6	0.031043656
1	1	3	7	1	0.6	0.031043656
1	1	3	7	1	0.6	0.031043656
1	1	3	7	1	0.6	0.031043656
1	1	3	7	1	0.6	0.031043656
1	1	3	7	1	0.6	0.031043656
1	1	3	7	1	0.6	0.031043656
1	1	3	7	1	0.6	0.031043656
1	1	3	7	1	0.6	0.031043656
1	1	3	7	1	0.6	0.031043656
1	1	3	7	1	0.6	0.031043656
1	1	3	7	1	0.6	0.031043656
1	1	3	7	1	0.6	0.031043656
1	1	3	7	1	0.6	0.031043656
1	1	3	7	1	0.6	0.031043656
1	1	3	7	1	0.6	0.031043656
1	1	3	7	1	0.6	0.031043656
1	1	3	7	1	0.6	0.031043656
1	1	3	7	1	0.6	0.031043656
1	1	3	7	1	0.6	0.031043656
1	1	3	7	1	0.6	0.031043656
1	1	3	7	1	0.6	0.031043656
1	1	3	7	1	0.6	0.031043656
1	1	3	7	1	0.6	0.031043656
1	1	3	7	1	0.6	0.031043656
1	1	3	7	1	0.6	0.031043656
1	1	3	7	1	0.6	0.031043656
1	1	3	7	1	0.6	0.031043656
1	1	3	7	1	0.6	0.031043656
1	1	3	7	1	0.6	0.031043656
1	1	3	7	1	0.6	0.031043656
1	1	3	7	1	0.6	0.031043656
1	1	3	7	1	0.6	0.031043656
1	1	3	7	1	0.6	0.031043656
1	1	3	7	1	0.6	0.031043656
1	1	3	7	1	0.6	0.031043656
1	1	3	7	1	0.6	0.031043656
1	1	3	7	1	0.6	0.040532516
1	1	3	7	1	0.6	0.040532516
1	1	3	7	1	0.6	0.040532516
1	1	3	7	1	0.6	0.040532516
1	2	2	7	1	0.6	0.059949646
1	2	2	7	1	0.6	0.059949646
1	2	2	7	1	0.6	0.059949646
1	2	2	7	1	0.6	0.059949646
1	2	2	7	1	0.6	0.059949646
1	2	2	7	1	0.6	0.059949646
1	2	2	7	1	0.6	0.059949646
1	2	2	7	1	0.6	0.059949646
1	1	3	7	1	0.6	0.060543442
1	1	3	7	1	0.6	0.060543442
1	1	3	7	1	0.6	0.060543442
1	1	3	7	1	0.6	0.060543442
1	1	3	7	1	0.6	0.060543442
1	1	3	7	1	0.6	0.060543442
1	1	3	7	1	0.6	0.060543442
1	1	3	7	1	0.6	0.060543442
1	1	3	7	1	0.6	0.060543442
1	1	3	7	1	0.6	0.060543442
1	1	3	7	1	0.6	0.060543442
1	1	3	7	1	0.6	0.060543442
1	1	3	7	1	0.6	0.060543442
1	1	3	7	1	0.6	0.060543442
1	1	3	7	1	0.6	0.060543442
1	1	3	7	1	0.6	0.060543442
1	1	3	7	1	0.6	0.060543442
1	1	3	7	1	0.6	0.060543442
1	1	3	7	1	0.6	0.060543442
1	1	3	7	1	0.6	0.060543442
1	1	3	7	1	0.6	0.060543442
1	1	3	7	1	0.6	0.060543442
1	1	3	7	1	0.6	0.060543442
1	1	3	7	1	0.6	0.060543442
1	1	3	7	1	0.6	0.060543442
1	1	3	7	1	0.6	0.060543442
1	1	3	7	1	0.6	0.060543442
1	1	3	7	1	0.6	0.060543442
1	1	3	7	1	0.6	0.060543442
1	1	3	7	1	0.6	0.060543442
1	1	3	7	1	0.6	0.060543442
1	1	3	7	1	0.6	0.060543442
1	1	3	7	1	0.6	0.060543442
1	1	3	7	1	0.6	0.060543442
1	1	3	7	1	0.6	0.060543442
1	1	3	7	1	0.6	0.060543442
1	1	3	7	1	0.6	0.060543442
1	1	3	7	1	0.6	0.060543442
1	2	1	7	1	0.6	0.066813928
1	3	2	7	1	0.6	0.073250677
1	2	2	7	1	0.6	0.073250677
1	1	2	7	1	0.6	0.083107691
1	1	2	7	1	0.6	0.083107691
1	1	2	7	1	0.6	0.083107691
1	1	2	7	1	0.6	0.083107691
1	1	2	7	1	0.6	0.083107691
1	1	2	7	1	0.6	0.083107691
1	1	2	7	1	0.6	0.083107691
1	1	2	7	1	0.6	0.083107691
1	1	2	7	1	0.6	0.083107691
1	1	2	7	1	0.6	0.083107691
1	1	2	7	1	0.6	0.083107691
1	1	2	7	1	0.6	0.083107691
1	1	2	7	1	0.6	0.083107691
1	1	2	7	1	0.6	0.083107691
1	1	2	7	1	0.6	0.083107691
1	1	2	7	1	0.6	0.083107691
1	1	2	7	1	0.6	0.083107691
1	1	2	7	1	0.6	0.083107691
1	1	2	7	1	0.6	0.083107691
1	1	2	7	1	0.6	0.083107691
1	1	2	7	1	0.6	0.083107691
1	1	2	7	1	0.6	0.083107691
1	1	2	7	1	0.6	0.083107691
1	1	2	7	1	0.6	0.083107691
1	1	2	7	1	0.6	0.083107691
1	1	2	7	1	0.6	0.083107691
1	1	2	7	1	0.6	0.083107691
1	1	2	7	1	0.6	0.083107691
1	1	2	7	1	0.6	0.083107691
1	1	2	7	1	0.6	0.083107691
1	1	4	7	1	0.6	0.119281744
1	2	4	7	1	0.6	0.119281744
1	1	3	7	1	0.6	0.206522255
1	1	3	7	1	0.6	0.206522255
1	1	5	7	1	0.6	0.236758349
1	2	5	7	1	0.6	0.236758349
1	2	2	7	1	0.6	0.385349865
1	4	2	7	1	0.6	0.5
1	5	2	7	1	0.6	0.5
1	4	2	7	1	0.6	0.5
1	4	2	7	1	0.6	0.5
1	4	2	7	1	0.6	0.5
1	4	2	7	1	0.6	0.5
1	4	2	7	1	0.6	0.5
1	5	3	7	1	0.6	0.5
1	4	3	7	1	0.6	0.5
1	5	3	7	1	0.6	0.5
1	5	4	7	1	0.6	0.5
1	5	4	7	1	0.6	0.5
1	5	4	7	1	0.6	0.5
1	5	4	7	1	0.6	0.5
1	5	6	7	1	0.6	0.5
1	2	2	7	1	0.6	0.059949646
1	2	2	7	1	0.6	0.059949646
1	2	2	7	1	0.6	0.059949646
1	2	2	7	1	0.6	0.059949646
1	1	5	7	1	0.6	0.226117524
1	2	1	7	1	0.6	0.066813928
1	2	1	7	1	0.6	0.066813928
1	2	1	7	1	0.6	0.066813928
1	3	1	7	1	0.6	0.073250677
1	1	5	7	1	0.6	0.226117524
1	2	2	7	1	0.6	0.059949646
1	2	2	7	1	0.6	0.059949646
1	1	5	7	1	0.6	0.143793644
1	1	1	7	1	0.6	0.236758349
1	2	2	7	1	0.6	0.059949646
1	2	2	7	1	0.6	0.059949646
1	3	1	7	1	0.6	0.073250677
1	2	1	7	1	0.6	0.073250677
1	1	5	7	1	0.6	0.226117524
1	1	5	7	1	0.6	0.226117524
1	2	2	8	1	0.6	0.059949646
1	3	2	8	1	0.6	0.073250677
1	1	5	8	1	0.6	0.236758349
1	3	1	8	1	0.6	0.036625338
1	2	1	8	1	0.6	0.066813928
1	1	5	8	1	0.6	0.113058762
1	2	2	8	1	0.6	0.059949646
1	3	1	8	1	0.6	0.073250677
1	3	1	8	1	0.6	0.073250677
1	2	1	8	1	0.6	0.073250677
1	1	5	8	1	0.6	0.226117524
1	2	5	8	1	0.6	0.226117524
1	1	5	8	1	0.6	0.226117524
1	2	2	8	1	0.6	0.059949646
1	1	5	8	1	0.6	0.226117524
1	2	1	8	1	0.6	0.073250677
1	1	5	8	1	0.6	0.226117524
1	2	5	8	1	0.6	0.226117524
1	3	1	8	1	0.6	0.036625338
1	1	2	8	1	0.6	0.059949646
1	1	5	8	1	0.6	0.071896822
1	1	5	8	1	0.6	0.226117524
1	2	2	8	1	0.6	0.059949646
1	2	2	8	1	0.6	0.059949646
1	2	1	8	1	0.6	0.066813928
1	3	1	8	1	0.6	0.036625338
1	2	2	8	1	0.6	0.059949646
1	1	5	8	1	0.6	0.113058762
1	2	2	8	1	0.6	0.059949646
1	2	1	8	1	0.6	0.073250677
1	1	5	8	1	0.6	0.226117524
1	2	2	8	1	0.6	0.059949646
1	3	1	8	1	0.6	0.073250677
1	1	5	8	1	0.6	0.226117524
1	2	2	8	1	0.6	0.059949646
1	1	5	8	1	0.6	0.143793644
1	2	1	8	1	0.6	0.059949646
1	2	1	8	1	0.6	0.066813928
1	2	2	8	1	0.6	0.059949646
1	1	5	8	1	0.6	0.143793644
1	2	1	8	1	0.6	0.073250677
1	1	5	8	1	0.6	0.226117524
1	2	1	8	1	0.6	0.066813928
1	2	2	8	1	0.6	0.059949646
1	2	2	8	1	0.6	0.059949646
1	2	2	8	1	0.6	0.059949646
1	2	1	8	1	0.6	0.066813928
1	2	1	8	1	0.6	0.073250677
1	1	5	8	1	0.6	0.143793644
1	3	1	8	1	0.6	0.073250677
1	1	5	8	1	0.6	0.226117524
1	2	2	8	1	0.6	0.059949646
1	4	1	8	1	0.6	0.073250677
1	1	5	8	1	0.6	0.226117524
1	2	2	8	1	0.6	0.059949646
1	3	1	8	1	0.6	0.073250677
1	1	5	8	1	0.6	0.143793644
1	1	5	8	1	0.6	0.226117524
1	2	2	8	1	0.6	0.059949646
1	2	2	8	1	0.6	0.059949646
1	1	5	8	1	0.6	0.226117524
1	4	2	8	1	0.6	0.059949646
1	2	2	8	1	0.6	0.059949646
1	1	5	8	1	0.6	0.226117524
1	1	5	8	1	0.6	0.236758349
1	1	5	8	1	0.6	0.226117524
1	1	5	8	1	0.6	0.236758349
1	5	1	8	1	0.75	0.119281744
1	3	1	8	1	0.75	0.119281744
1	4	1	8	1	0.75	0.119281744
1	3	1	8	1	0.75	0.119281744
1	4	1	8	1	0.75	0.119281744
1	4	1	8	1	0.75	0.119281744
1	3	1	8	1	0.75	0.119281744
1	2	1	8	1	0.75	0.119281744
1	2	1	8	1	0.75	0.119281744
1	4	1	8	1	0.75	0.119281744
1	4	1	8	1	0.75	0.119281744
1	3	2	8	1	0.75	0.119281744
1	3	1	8	1	0.75	0.119281744
1	2	1	8	1	0.75	0.119281744
1	5	1	8	1	0.75	0.119281744
1	3	1	8	1	0.75	0.119281744
1	2	1	8	1	0.75	0.119281744
1	5	1	8	1	0.75	0.119281744
1	5	1	8	1	0.75	0.119281744
1	3	1	8	1	0.75	0.119281744
1	2	1	8	1	0.75	0.119281744
1	5	1	8	1	0.75	0.119281744
1	5	1	8	1	0.75	0.119281744
1	4	1	8	1	0.75	0.119281744
1	4	1	8	1	0.75	0.119281744
1	4	1	8	1	0.75	0.119281744
1	5	1	8	1	0.75	0.119281744
1	3	1	8	1	0.75	0.119281744
1	5	1	8	1	0.75	0.119281744
1	4	1	8	1	0.75	0.119281744
1	1	4	8	1	0.75	0.119281744
1	1	4	8	1	0.75	0.119281744
1	1	4	8	1	0.75	0.119281744
1	2	1	8	1	0.75	0.192674932
1	1	3	8	1	0.75	0.206522255
1	1	3	8	1	0.75	0.206522255
1	1	3	8	1	0.75	0.206522255
1	1	3	8	1	0.75	0.206522255
1	1	3	8	1	0.75	0.206522255
1	2	1	8	1	0.75	0.385349865
1	2	1	8	1	0.75	0.385349865
1	2	1	8	1	0.75	0.385349865
1	2	1	8	1	0.75	0.385349865
1	2	1	8	1	0.75	0.385349865
1	3	1	8	1	0.75	0.119281744
1	2	1	8	1	0.75	0.119281744
1	5	1	8	1	0.75	0.119281744
1	5	1	8	1	0.75	0.119281744
1	2	1	8	1	0.75	0.119281744
1	3	1	8	1	0.75	0.119281744
1	3	1	8	1	0.75	0.119281744
1	4	1	8	1	0.75	0.119281744
1	2	1	8	1	0.75	0.119281744
1	4	1	8	1	0.75	0.119281744
1	2	1	8	1	0.75	0.119281744
1	5	1	8	1	0.75	0.119281744
1	5	1	8	1	0.75	0.119281744
1	4	2	8	1	0.75	0.119281744
1	2	1	8	1	0.75	0.119281744
1	5	1	8	1	0.75	0.119281744
1	3	1	8	1	0.75	0.119281744
1	4	1	8	1	0.75	0.119281744
1	5	1	8	1	0.75	0.119281744
1	5	1	8	1	0.75	0.119281744
1	1	2	8	1	1	0.259417605
1	1	2	8	1	1	0.259417605
1	2	1	8	1	1	0.259417605
1	2	1	8	1	1	0.192674932
1	2	1	8	1	1	0.192674932
1	2	1	8	1	1	0.192674932
1	3	1	8	1	1	0.385349865
1	1	1	8	1	1	0.259417605
1	2	2	8	1	1	0.259417605
1	1	2	8	1	1	0.259417605
1	2	2	8	1	1	0.059949646
1	2	2	8	1	1	0.059949646
1	1	2	8	1	1	0.259417605
