       -2637
          50 -2.419828432449982E-004 -1.424943917250602E-002
 -1.497015891834086E-002  1.429740208382766E-002 -6.419588800517484E-002
  4.021814387123226E-002  7.812500000000000E-005  7.812500000000000E-005
  7.812500000000000E-005  7.812500000000000E-005  7.812500000000000E-005
  7.812500000000000E-005 -8.923054375600195E-003
           0          12           5          -1           3           1
          -1           0           0          -2           0           0
           0
       -2624
         100 -1.209914216224991E-004 -7.124719586253008E-003
 -7.485079459170429E-003  7.148701041913828E-003 -3.209794400258742E-002
  2.010907193561613E-002  3.906250000000000E-005  3.906250000000000E-005
  3.906250000000000E-005  3.906250000000000E-005  3.906250000000000E-005
  3.906250000000000E-005 -4.461527187800097E-003
           0          18           6          -1           4           1
          -1           0           0          -2           0           0
           0
       -2589
         500 -6.049571081124955E-005 -3.562359793126504E-003
 -3.742539729585215E-003  3.574350520956914E-003 -1.604897200129371E-002
  1.005453596780807E-002  1.953125000000000E-005  1.953125000000000E-005
  1.953125000000000E-005  1.953125000000000E-005  1.953125000000000E-005
  1.953125000000000E-005 -2.230763593900049E-003
           2          29           7           0           7           2
          -1           1           0          -2           0           0
           0
       -2568
        1000 -1.512392770281239E-005 -8.905899482816260E-004
 -9.356349323963037E-004  8.935876302392285E-004 -4.012243000323427E-003
  2.513633991952017E-003  4.882812500000000E-006  4.882812500000000E-006
  4.882812500000000E-006  4.882812500000000E-006  4.882812500000000E-006
  4.882812500000000E-006 -5.576908984750122E-004
          10          19           3           1           5           3
          -1           2           1          -3           1           0
           0
       -2558
        2500 -7.561963851406194E-006 -4.452949741408130E-004
 -4.678174661981518E-004  4.467938151196142E-004 -2.006121500161714E-003
  1.256816995976008E-003  2.441406250000000E-006  2.441406250000000E-006
  2.441406250000000E-006  2.441406250000000E-006  2.441406250000000E-006
  2.441406250000000E-006 -2.788454492375061E-004
          19          22           1           4           7           4
           0           3           1          -3           4          -1
           0
       -2554
        5000 -3.780981925703097E-006 -2.226474870704065E-004
 -2.339087330990759E-004  2.233969075598071E-004 -1.003060750080857E-003
  6.284084979880041E-004  1.220703125000000E-006  1.220703125000000E-006
  1.220703125000000E-006  1.220703125000000E-006  1.220703125000000E-006
  1.220703125000000E-006 -1.394227246187530E-004
          30          28          -1           7           9           6
           0           5           2          -3           4           0
           0
       -2552
        8000 -1.890490962851548E-006 -1.113237435352032E-004
 -1.169543665495380E-004  1.116984537799036E-004 -5.015303750404284E-004
  3.142042489940021E-004  6.103515625000000E-007  6.103515625000000E-007
  6.103515625000000E-007  6.103515625000000E-007  6.103515625000000E-007
  6.103515625000000E-007 -6.971136230937652E-005
          39          37           0          10          12           8
           2           6           3          -3           5           0
           0
       -2551
       10000 -4.726227407128871E-007 -2.783093588380081E-005
 -2.923859163738449E-005  2.792461344497589E-005 -1.253825937601071E-004
  7.855106224850052E-005  1.525878906250000E-007  1.525878906250000E-007
  1.525878906250000E-007  1.525878906250000E-007  1.525878906250000E-007
  1.525878906250000E-007 -1.742784057734413E-005
          46          38          -1          13          12           9
           3           6           4          -2           6           0
           0
